7.086854848381406e-10	3.1605349020182297e-10	8.746359050222103e-11
7.09594385655387e-10	3.164613473717667e-10	8.757868479613272e-11
7.105033603181462e-10	3.168696146548433e-10	8.769386891627456e-11
7.114137677993106e-10	3.172783582873942e-10	8.780928919376385e-11
7.123147320414887e-10	3.176832074647285e-10	8.792363109938937e-11
7.132146782823556e-10	3.1808772300451247e-10	8.803796507405797e-11
7.141158342246848e-10	3.1849244286824657e-10	8.81524311846775e-11
7.150078649456733e-10	3.1889354992343747e-10	8.826595960486682e-11
7.158995855196256e-10	3.1929444281057016e-10	8.837948578199073e-11
7.1679309885044e-10	3.1969615440769466e-10	8.849333985990267e-11
7.176742481380461e-10	3.2009265215566276e-10	8.86057615507157e-11
7.185571883495492e-10	3.2049000856775165e-10	8.871847227130791e-11
7.194392983291344e-10	3.2088687313221134e-10	8.883116564174101e-11
7.203124155184298e-10	3.21279970935836e-10	8.894289781911064e-11
7.211856660143983e-10	3.2167324987897287e-10	8.905468364573175e-11
7.2205199987316e-10	3.220634095726859e-10	8.916574305675868e-11
7.229194613442236e-10	3.2245428733829077e-10	8.927702644830586e-11
7.237773066467771e-10	3.228409200482418e-10	8.938723515841271e-11
7.246338510670208e-10	3.232267368963788e-10	8.94973894376723e-11
7.254833165140406e-10	3.236101101353459e-10	8.960681676004764e-11
7.263342924459393e-10	3.239939890019052e-10	8.97164935733523e-11
7.271728856178489e-10	3.2437242696744726e-10	8.982480927378221e-11
7.280121276338676e-10	3.247511531247487e-10	8.993325232103144e-11
7.288473210861592e-10	3.2512815269462653e-10	9.004134871887917e-11
7.296740929170718e-10	3.255017448192787e-10	9.014855270835562e-11
7.304973996445576e-10	3.2587393648669134e-10	9.025541069091836e-11
7.313134566050405e-10	3.2624275949172517e-10	9.036153302194251e-11
7.321229677072411e-10	3.2660914454856007e-10	9.046696164917435e-11
7.329306992586044e-10	3.2697447761906195e-10	9.057229986472726e-11
7.337298132165376e-10	3.2733629715957007e-10	9.067673876056771e-11
7.345253121945227e-10	3.2769668383330123e-10	9.078082461955248e-11
7.353112476535093e-10	3.2805290857898426e-10	9.088392368522562e-11
7.360927538444705e-10	3.284071519918258e-10	9.098660378211984e-11
7.368680596896382e-10	3.2875881895644137e-10	9.108864785990014e-11
7.37635620131966e-10	3.29107089800851e-10	9.118987057603298e-11
7.383967164600848e-10	3.294529490723069e-10	9.129054964542947e-11
7.391512975976885e-10	3.2979581096969834e-10	9.139045825049955e-11
7.398976902768788e-10	3.3013503802654516e-10	9.148955576665028e-11
7.406383733059637e-10	3.304721621728878e-10	9.158814010847771e-11
7.413673137757798e-10	3.3080393484043835e-10	9.168543186156435e-11
7.420925927959039e-10	3.311343259966296e-10	9.178241586177687e-11
7.428054441151625e-10	3.314593818355457e-10	9.187806493702604e-11
7.435119624576792e-10	3.3178169648233746e-10	9.1973138169071e-11
7.442713664567105e-10	3.3212779903319434e-10	9.207476349846495e-11
7.454093514480553e-10	3.326390823146782e-10	9.221911583432723e-11
7.462636812251339e-10	3.330264536397412e-10	9.233129276279329e-11
7.472914079365416e-10	3.334898953007791e-10	9.246354886946659e-11
7.480604514720353e-10	3.338398855732504e-10	9.256627530412462e-11
7.489866620365769e-10	3.3425930929941263e-10	9.268728304377045e-11
7.496743334426124e-10	3.3457444519253623e-10	9.278101030782264e-11
7.505061079058287e-10	3.349528783777703e-10	9.289172189687831e-11
7.511217576439985e-10	3.3523650229047774e-10	9.297747592471325e-11
7.51865984250085e-10	3.355767028884251e-10	9.307831126102326e-11
7.52413554050214e-10	3.3583112812591886e-10	9.315662793278219e-11
7.530760501145024e-10	3.361360045954849e-10	9.324852880685043e-11
7.535624687282415e-10	3.363636453666404e-10	9.332012246534692e-11
7.541511317979342e-10	3.366365627607317e-10	9.34037840608516e-11
7.545765821871471e-10	3.3683774223097085e-10	9.346854574849853e-11
7.550987152201045e-10	3.370817194953676e-10	9.35449220330931e-11
7.554692886324349e-10	3.3725922038882495e-10	9.360378839782437e-11
7.5592848088206e-10	3.3747586356470323e-10	9.367316644319585e-11
7.562508153723659e-10	3.376323402368555e-10	9.372659695544799e-11
7.566488376355655e-10	3.3782224212052695e-10	9.378923896098603e-11
7.569254804741649e-10	3.379588419023136e-10	9.383764949057857e-11
7.572702890425453e-10	3.3812618333889577e-10	9.389449614242844e-11
7.575033243350817e-10	3.382435360920601e-10	9.393807393774077e-11
7.577986197667514e-10	3.3838925327633505e-10	9.398942987304283e-11
7.579921840819352e-10	3.384895970659012e-10	9.402867869920856e-11
7.58242287982297e-10	3.3861579199542395e-10	9.40751144363979e-11
7.584000781985959e-10	3.3870088673830976e-10	9.411059430329312e-11
7.58607896233803e-10	3.388086728696626e-10	9.415238873910378e-11
7.587330390889747e-10	3.388797210068877e-10	9.418438776047954e-11
7.589041252416637e-10	3.3897137480042964e-10	9.422217314048265e-11
7.589974616709527e-10	3.3902892864705264e-10	9.425072696667616e-11
7.591342061090135e-10	3.3910551407371706e-10	9.428478668309544e-11
7.591999343816642e-10	3.3915098751138357e-10	9.431035712881217e-11
7.59303115327958e-10	3.3921342789928306e-10	9.43408392537504e-11
7.593422313541342e-10	3.3924732209024027e-10	9.436357737673985e-11
7.594154389763955e-10	3.392970441147917e-10	9.439099911618709e-11
7.594297928051625e-10	3.3932024115880705e-10	9.441116179478538e-11
7.594742713306485e-10	3.393575654281253e-10	9.443554193791305e-11
7.59465026629454e-10	3.393707154935811e-10	9.445328558333072e-11
7.594831232869123e-10	3.3939672659626334e-10	9.447491795857397e-11
7.594509926447154e-10	3.3940009047103715e-10	9.449029896913193e-11
7.594436925246755e-10	3.394151126919446e-10	9.450930795411227e-11
7.593928461680227e-10	3.394105822613847e-10	9.452282813359174e-11
7.59362149728797e-10	3.394158156601209e-10	9.453957889831577e-11
7.592914216219785e-10	3.3940284149855056e-10	9.45511991112107e-11
7.592400102741435e-10	3.393991589122096e-10	9.4565801014565e-11
7.591527545044058e-10	3.3937933354207484e-10	9.4575895519755e-11
7.590816771355017e-10	3.393673385624773e-10	9.458865493704048e-11
7.589784155108492e-10	3.393408104612697e-10	9.459727544078339e-11
7.588903223914679e-10	3.393217871340626e-10	9.460845348359192e-11
7.587713151663305e-10	3.392886979746242e-10	9.461567992583547e-11
7.58665243953995e-10	3.3926232611912304e-10	9.462520985134949e-11
7.585326588321665e-10	3.3922337547648104e-10	9.463124014988029e-11
7.584113893106776e-10	3.391906061159559e-10	9.463949677024451e-11
7.582653640249202e-10	3.3914636615147336e-10	9.464443411616237e-11
7.58113237084522e-10	3.3909963952118707e-10	9.46490371445303e-11
7.579716347453766e-10	3.390583809401405e-10	9.465552129643482e-11
7.578067910733654e-10	3.390066167861923e-10	9.465912048297956e-11
7.57653715000123e-10	3.3896056631465533e-10	9.46648141748439e-11
7.574849344029214e-10	3.389074122196046e-10	9.466847332105194e-11
7.573157126943985e-10	3.388548948081956e-10	9.467281678193647e-11
7.571369329871063e-10	3.3879796330306786e-10	9.467587485424361e-11
7.569613115223304e-10	3.387432438027799e-10	9.468007084939022e-11
7.567757511577421e-10	3.3868379761301926e-10	9.468294099320429e-11
7.565916253226315e-10	3.386257303311628e-10	9.46866911665312e-11
7.5639801233655e-10	3.3856348148804887e-10	9.468923687338e-11
7.562114134596315e-10	3.3850484923633736e-10	9.469337999104091e-11
7.560102591744903e-10	3.38439797247106e-10	9.46957016244228e-11
7.558169508928558e-10	3.3837873504771175e-10	9.46996611361988e-11
7.556170467103091e-10	3.383151693689004e-10	9.470282151538819e-11
7.554198081119875e-10	3.3825318499119256e-10	9.470703798175516e-11
7.552139137742735e-10	3.381871888686581e-10	9.471018623333286e-11
7.550179266751672e-10	3.3812640651105504e-10	9.471530253042127e-11
7.54817377165796e-10	3.380638656853559e-10	9.471984515623058e-11
7.54624197897924e-10	3.3800511889288025e-10	9.472604584881193e-11
7.544259234264047e-10	3.379439786725993e-10	9.473163347257193e-11
7.542341798870529e-10	3.3788657979467524e-10	9.473875081408884e-11
7.540426202519096e-10	3.3782946546943607e-10	9.474594184778365e-11
7.538571810007477e-10	3.3777586524168644e-10	9.475466568678036e-11
7.536737861415062e-10	3.377229712957633e-10	9.476367223302907e-11
7.534977784229072e-10	3.3767407046791215e-10	9.477432171837733e-11
7.533307621818253e-10	3.3762948796644347e-10	9.478620796019667e-11
7.53168644142167e-10	3.3758775117465554e-10	9.479935101412384e-11
7.530147735349487e-10	3.375496660206923e-10	9.481372050266459e-11
7.528689111980346e-10	3.3751616756002403e-10	9.482972902129839e-11
7.527357275633436e-10	3.374882274128212e-10	9.484751086198952e-11
7.526151348357887e-10	3.374667125507208e-10	9.486750593994136e-11
7.525044834638561e-10	3.3744989978698044e-10	9.488895218267551e-11
7.524116386114619e-10	3.3744163148896946e-10	9.491327063420603e-11
7.523317754201074e-10	3.3743947662092086e-10	9.493938247299923e-11
7.52268486022356e-10	3.3744548895713585e-10	9.49682629317124e-11
7.522254938867575e-10	3.374604394903977e-10	9.499988942226088e-11
7.522032514462094e-10	3.3748564741338094e-10	9.503476032032726e-11
7.522024265238399e-10	3.3752056925624e-10	9.507258859563854e-11
7.52227795009996e-10	3.3756779995405366e-10	9.511434679358475e-11
7.522740090131969e-10	3.3762483799720483e-10	9.515889325906989e-11
7.523533725376322e-10	3.3769716220586327e-10	9.52082585808098e-11
7.524625565574933e-10	3.3778344368096403e-10	9.526163124226697e-11
7.526047671076801e-10	3.378847698750869e-10	9.531983684339481e-11
7.527789148337059e-10	3.380010423343628e-10	9.538224453609293e-11
7.52995277521625e-10	3.381369085318962e-10	9.54507469144018e-11
7.532469508418675e-10	3.382887931702587e-10	9.552380772157492e-11
7.53549195526651e-10	3.3846399932781656e-10	9.560407937948599e-11
7.538939848257276e-10	3.3865876582923365e-10	9.568978157819597e-11
7.542921071826527e-10	3.388779060666764e-10	9.578301729990778e-11
7.547412104501517e-10	3.3912062906994214e-10	9.588284474674424e-11
7.552521735216676e-10	3.3939134712648753e-10	9.599128024099209e-11
7.558196838173305e-10	3.3968842529757265e-10	9.610707016538586e-11
7.56459742500544e-10	3.4001821094987737e-10	9.623272031050743e-11
7.57164530647782e-10	3.4037773185993834e-10	9.636686030220774e-11
7.579500672233484e-10	3.407740554473983e-10	9.651196500517306e-11
7.588094062505466e-10	3.4120410618998074e-10	9.666669842381534e-11
7.597616446375803e-10	3.416765811266001e-10	9.683401188602098e-11
7.607986646762411e-10	3.4218776609025e-10	9.701233165906922e-11
7.619378734426547e-10	3.427453500277234e-10	9.720438552143655e-11
7.631781631097117e-10	3.4334908161073566e-10	9.740967109214652e-11
7.645280133584097e-10	3.4400264042678914e-10	9.762953535151726e-11
7.659967177296295e-10	3.44710564096482e-10	9.786510066533773e-11
7.675879277925548e-10	3.4547399854867504e-10	9.811688762788386e-11
7.693143298295182e-10	3.4629920343425516e-10	9.838647787710807e-11
7.711773023583567e-10	3.4718647304523074e-10	9.867421751886632e-11
7.731948865776251e-10	3.4814408119139457e-10	9.898225693519749e-11
7.753608893097849e-10	3.4916936029775285e-10	9.93100888680397e-11
7.777087803802763e-10	3.5027737649641424e-10	9.966166341931142e-11
7.802183098602576e-10	3.51459308190664e-10	1.0003478703620767e-10
7.829321601339138e-10	3.527337639511722e-10	1.004349078695001e-10
7.858281961790961e-10	3.5409155320005143e-10	1.0085904104904089e-10
7.889523298240438e-10	3.5555308227400863e-10	1.0131339297703847e-10
7.922807633391591e-10	3.5710783095783474e-10	1.0179483720552291e-10
7.958629128874525e-10	3.587779137292731e-10	1.0230976614225604e-10
7.99675386392201e-10	3.60553050717506e-10	1.0285521465604718e-10
8.037665312448133e-10	3.624552981330134e-10	1.0343753744995825e-10
8.081178537411733e-10	3.644759503298975e-10	1.040543313796332e-10
8.127741294945577e-10	3.666359181550839e-10	1.0471158347430445e-10
8.177246357134548e-10	3.689299385400825e-10	1.0540777593690554e-10
8.230107976542683e-10	3.7137715974156125e-10	1.0614862403890415e-10
8.286295689075069e-10	3.73975681069065e-10	1.0693328474505319e-10
8.34614124428715e-10	3.7674116269404736e-10	1.0776650039012997e-10
8.409758236827744e-10	3.796789360139839e-10	1.086496035775894e-10
8.477397514575959e-10	3.8280009892024035e-10	1.0958601349727021e-10
8.549330004068596e-10	3.8611676444876066e-10	1.1057894523729963e-10
8.625700615026873e-10	3.8963575243620836e-10	1.1163055979834625e-10
8.707037828082986e-10	3.9338069581935536e-10	1.1274701579244178e-10
8.793324741890709e-10	3.9735128705131084e-10	1.1392887429489491e-10
8.885332074426048e-10	4.0158224514939176e-10	1.1518519779432402e-10
8.98295928768999e-10	4.0606875865757275e-10	1.1651505643550973e-10
9.087351874394115e-10	4.108622382209198e-10	1.1793224948720692e-10
9.198291423825496e-10	4.159527549578407e-10	1.1943425641207393e-10
9.317123192129077e-10	4.2140102916972036e-10	1.2103747973008706e-10
9.443746315877457e-10	4.2720264119168996e-10	1.2274085176269288e-10
9.579857190009638e-10	4.334328452804038e-10	1.245646568042703e-10
9.725346447457516e-10	4.4008758376205217e-10	1.2650767880663466e-10
9.882111699846646e-10	4.472510614740613e-10	1.2859273458537182e-10
1.0050380757580332e-09	4.5493351489262347e-10	1.3082255222915218e-10
1.0232209247411772e-09	4.632273697198718e-10	1.3322185829816948e-10
1.0428014040115147e-09	4.721507582878008e-10	1.3579545401383481e-10
1.06399264624067e-09	4.817990790564624e-10	1.3856889423961374e-10
1.086887723359967e-09	4.922136897797753e-10	1.4155297968882598e-10
1.1116876229428396e-09	5.034850076676848e-10	1.447719681609835e-10
1.1385158587104623e-09	5.156674304560928e-10	1.482398983451623e-10
1.1675655369453201e-09	5.288485784822822e-10	1.5197995495177887e-10
1.1990050833378485e-09	5.431021354636062e-10	1.5601125616493184e-10
1.2330015284112894e-09	5.585041082858893e-10	1.6035363300492164e-10
1.2697432859980278e-09	5.751378560394559e-10	1.6502819761041202e-10
1.3094026713195135e-09	5.930804502193027e-10	1.7005531224934782e-10
1.3521479359287139e-09	6.12407744549555e-10	1.754529291816333e-10
1.39817108837758e-09	6.332057192104459e-10	1.8124389500177344e-10
1.4476369663800723e-09	6.555459670473285e-10	1.8744431076529124e-10
1.5007439737758051e-09	6.795198516222217e-10	1.9407798732116458e-10
1.5576181498977506e-09	7.0518186570399e-10	2.0115599020291025e-10
1.6184960004792382e-09	7.326401987720143e-10	2.087062350110769e-10
1.6835172809890666e-09	7.619536076598849e-10	2.1673984581840684e-10
1.7528805899777176e-09	7.932156825491686e-10	2.2528097667121746e-10
1.8267488272116204e-09	8.26496060173598e-10	2.3434293894713397e-10
1.9053426841862865e-09	8.618962541664642e-10	2.439510377924015e-10
1.988870857721835e-09	8.995090359289311e-10	2.541239603688514e-10
2.0774691198543207e-09	9.393973370099026e-10	2.6487688322600597e-10
2.171455219559764e-09	9.817024733576174e-10	2.7624014484149596e-10
2.270938931895013e-09	1.0264788547084769e-09	2.882264228409531e-10
2.376331441452654e-09	1.0739063258408096e-09	3.008743459878918e-10
2.4876296408463527e-09	1.1239916970827975e-09	3.1418468435114136e-10
2.6054301155508617e-09	1.1769984858532487e-09	3.2821598904668825e-10
2.7296175240635757e-09	1.2328848770580327e-09	3.429565804551488e-10
2.860939863622995e-09	1.2919807436448174e-09	3.584790968176585e-10
2.9991842914399865e-09	1.354204880723582e-09	3.7476351128267876e-10
3.145314927701257e-09	1.4199808131732437e-09	3.919031904535341e-10
3.2989578844407717e-09	1.4891583254508301e-09	4.098605456236806e-10
3.4613821846112793e-09	1.5622997845762848e-09	4.287613567096046e-10
3.6320022779930684e-09	1.6391603916663998e-09	4.4854444193865556e-10
3.812365237921482e-09	1.7204272071444956e-09	4.693644091637146e-10
4.001746690852563e-09	1.8057980454398483e-09	4.911453697578528e-10
4.2019695444511785e-09	1.896081380775932e-09	5.140676609427651e-10
4.41212221973867e-09	1.990897599003763e-09	5.380381452378048e-10
4.634266291635425e-09	2.091160754911174e-09	5.632579522128447e-10
4.867341169727276e-09	2.19642894672557e-09	5.896212256358906e-10
5.113669216788794e-09	2.3077354684186234e-09	6.173516217852773e-10
5.3719742177639585e-09	2.42454755973478e-09	6.463237893785992e-10
5.644910871340285e-09	2.54804442468619e-09	6.767913818616792e-10
5.931013797564476e-09	2.6776174501213277e-09	7.086127924817405e-10
6.233257051601323e-09	2.8145932604026342e-09	7.420705841419564e-10
6.549988409141044e-09	2.9582821912240936e-09	7.770057929094881e-10
6.884515133096629e-09	3.1101616829633146e-09	8.137300405726886e-10
7.2350420918165e-09	3.2694840741993026e-09	8.520744568401729e-10
7.605210229628907e-09	3.437880660767277e-09	8.923788927229132e-10
7.993058730067745e-09	3.614540428347023e-09	9.344618958837388e-10
8.402566097866107e-09	3.801247524955439e-09	9.786916991121806e-10
8.831676875329448e-09	3.997148481164153e-09	1.024881147643035e-09
9.284730978305376e-09	4.204208230188304e-09	1.0734299523568794e-09
9.759497664254126e-09	4.4214932402370375e-09	1.1241380943309845e-09
1.0260731236770222e-08	4.651168667178669e-09	1.1774404889131154e-09
1.0786072701344062e-08	4.8922442853134986e-09	1.233128576377174e-09
1.1340638041652224e-08	5.147062161210318e-09	1.2916690446529296e-09
1.1921978935441573e-08	5.414591548733816e-09	1.3528486698775905e-09
1.2535619236021745e-08	5.69737790876296e-09	1.4171720614542105e-09
1.3179047531927026e-08	5.994367528387718e-09	1.4844221977400071e-09
1.3858106593509549e-08	6.308270228282397e-09	1.5551334765459264e-09
1.4570366984234487e-08	6.638060387932028e-09	1.6291008577531893e-09
1.5321963201659537e-08	6.9866091046988634e-09	1.7068856981115392e-09
1.611052010563717e-08	7.352921740327462e-09	1.7882933289258886e-09
1.6942561790898003e-08	7.740056653746944e-09	1.8739245325515732e-09
1.7815837095869713e-08	8.147080335476075e-09	1.963595726802731e-09
1.873710616146117e-08	8.577201503261941e-09	2.057940730121312e-09
1.970437077694679e-08	9.029576938939371e-09	2.1567986198940955e-09
2.0724635606719282e-08	9.507570689594995e-09	2.2608384737150214e-09
2.1796278788099043e-08	1.001051115760743e-08	2.369932320261923e-09
2.2926473381501295e-08	1.0541867956754627e-08	2.4847847996003924e-09
2.4114089056694594e-08	1.1101175180109027e-08	2.6053069071214905e-09
2.536627593209856e-08	1.1691962346210692e-08	2.7322309613994414e-09
2.6682766322755194e-08	1.2314123372573927e-08	2.865537751925942e-09
2.8070546128034563e-08	1.2971134655094207e-08	3.0059790814822324e-09
2.9530324668454643e-08	1.3663377172346125e-08	3.1536175626113335e-09
3.106877380183396e-08	1.4394183697494072e-08	3.3092236292384153e-09
3.268795502426702e-08	1.51645657863202e-08	3.4729616623262613e-09
3.439408509059832e-08	1.5977681938584593e-08	3.645629498124914e-09
3.619060282334076e-08	1.6835164145951265e-08	3.827497325004372e-09
3.808332502509817e-08	1.7740022314860135e-08	4.019396888388076e-09
4.007738256392012e-08	1.8694653139373072e-08	4.221731227258621e-09
4.21778627678099e-08	1.9701768060075467e-08	4.435359606648489e-09
4.439202180471056e-08	2.0764759153689126e-08	4.6608496293610235e-09
4.672392871790181e-08	2.1885873692626578e-08	4.899085209615236e-09
4.9183479646629017e-08	2.306974413399285e-08	5.15083935936836e-09
5.177351713456603e-08	2.4318045769266602e-08	5.4170229013955675e-09
5.450703245884088e-08	2.563691584949498e-08	5.69865654367711e-09
5.738508238748662e-08	2.702713936179293e-08	5.996649346376175e-09
6.0424267298843e-08	2.8496610306851623e-08	6.312317658987085e-09
6.362414987703935e-08	3.004539903811618e-08	6.646623146637783e-09
6.700505234441309e-08	3.16832019228412e-08	7.0011892582159814e-09
7.056446594693125e-08	3.340908403024663e-08	7.377009777563439e-09
7.432767211459771e-08	3.523518580659711e-08	7.776144140207801e-09
7.828951242356518e-08	3.7159188203512605e-08	8.199588252403141e-09
8.248056634808392e-08	3.9195917695695065e-08	8.64987429385908e-09
8.689311699504896e-08	4.134173790853292e-08	9.128041332043224e-09
9.156366687466788e-08	4.3614510488677064e-08	9.637201906407391e-09
9.648132943247694e-08	4.600895332341301e-08	1.0178409700022602e-08
1.0168995173443692e-07	4.854651763370129e-08	1.075549080692942e-08
1.071748369764413e-07	5.122012335774706e-08	1.1369514958647404e-08
1.1298745988916434e-07	5.405501249073671e-08	1.2025092777367448e-08
1.1911001737432807e-07	5.7042393634289596e-08	1.2723388086375876e-08
1.2560237517542568e-07	6.021189691018777e-08	1.3469970567237877e-08
1.3244078726227614e-07	6.355175768073026e-08	1.4265816855939582e-08
1.396985214874902e-07	6.709819172541723e-08	1.5118048660649752e-08
1.4734601195054783e-07	7.08365390119714e-08	1.6027525987121328e-08
1.5546433329645178e-07	7.4806966618593e-08	1.7002369882387164e-08
1.6402395418437835e-07	7.899479891972266e-08	1.8044021581736398e-08
1.7311665721193199e-07	8.34455864798086e-08	1.9162078910383787e-08
1.827057846406952e-07	8.814093319569147e-08	2.0357659943672028e-08
1.9289850806386843e-07	9.31342743208568e-08	2.1642577832371596e-08
2.0365251229255227e-07	9.840431968320738e-08	2.301788711383446e-08
2.1509272487280491e-07	1.0401318373849409e-07	2.4498014913944894e-08
2.2716646733931103e-07	1.09934506630256e-07	2.608326572101849e-08
2.400178535536491e-07	1.1624001282107597e-07	2.7791087742560458e-08
2.5359040987163093e-07	1.2290122707940174e-07	2.96219428303443e-08
2.680454898855979e-07	1.2999824616803979e-07	3.1596160758868377e-08
2.8332209270858757e-07	1.3750066262537364e-07	3.371429170760024e-08
2.996000710540554e-07	1.4549776740810357e-07	3.599997220321122e-08
3.1681272339808454e-07	1.5395595838739712e-07	3.845342224680909e-08
3.351651581678972e-07	1.6297711461835272e-07	4.110276117369983e-08
3.545855057779979e-07	1.7252526747931642e-07	4.394801772038777e-08
3.7530041799158845e-07	1.8271239840326817e-07	4.702148532246969e-08
3.972395959252428e-07	1.9350386878545954e-07	5.032363788242044e-08
4.2065311552855006e-07	2.050228473916444e-07	5.389162163158999e-08
4.4546843964898466e-07	2.1723373730600238e-07	5.772552419229519e-08
4.719620754650077e-07	2.302730707385318e-07	6.186804331309204e-08
5.000620147723451e-07	2.441049937032113e-07	6.631881452607215e-08
5.300720392696608e-07	2.588797870050194e-07	7.112671759871897e-08
5.619271603690054e-07	2.745655348063628e-07	7.629154425027597e-08
5.959645266538554e-07	2.913287971352701e-07	8.186995496889699e-08
6.32113096326443e-07	3.0913466472543453e-07	8.785862330679777e-08
6.707415320640521e-07	3.281653611975644e-07	9.432241193864657e-08
7.11806829639687e-07	3.4840016897437704e-07	1.0126017659038898e-07
7.556887828395478e-07	3.700266362153789e-07	1.0874196891493792e-07
8.02370669691441e-07	3.930374228259476e-07	1.1676768750833856e-07
8.522592923894313e-07	4.176334370455327e-07	1.2541629020935895e-07
9.053648367884171e-07	4.438208566480489e-07	1.346882822925057e-07
9.62117571014835e-07	4.718125805921847e-07	1.4467114357955855e-07
1.0225574154327747e-06	5.016293931180387e-07	1.5536655241802276e-07
1.0871500606425444e-06	5.335013805779315e-07	1.6687237737973499e-07
1.1559913297179689e-06	5.674783380324981e-07	1.7919766442367205e-07
1.22954358567542e-06	6.037879370401002e-07	1.9244252207716077e-07
1.3079755554159052e-06	6.425174143903852e-07	2.0662799808666508e-07
1.3917776539370892e-06	6.839072085327617e-07	2.2186077558499098e-07
1.481198901221731e-06	7.280848178676213e-07	2.38178500414055e-07
1.576728213219025e-06	7.752898162193417e-07	2.556851889315128e-07
1.6787586597416627e-06	8.257224176955576e-07	2.7445107266227986e-07
1.7877571306623645e-06	8.796104680308316e-07	2.9457060567329087e-07
1.9042741146781287e-06	9.372326401300001e-07	3.1615176872765513e-07
2.028755941346712e-06	9.988059387195867e-07	3.392775161635239e-07
2.1619933026270202e-06	1.0647279829070374e-06	3.641110019991238e-07
2.304364446425112e-06	1.1351818242151058e-06	3.907103554751306e-07
2.4569508497699316e-06	1.2107099218396428e-06	4.1930565245113326e-07
2.6200326693684167e-06	1.291445898124768e-06	4.499243191745847e-07
2.7950845966842537e-06	1.3781272790057015e-06	4.828782264664212e-07
2.982260046576361e-06	1.4708238098911634e-06	5.181581129400727e-07
3.183458005369382e-06	1.5704828764791682e-06	5.561598864970059e-07
3.3986608866323918e-06	1.6770894301151266e-06	5.968292638346721e-07
3.6303495274734643e-06	1.7918804742733708e-06	6.406700635652224e-07
3.878231512649919e-06	1.9147056729343285e-06	6.875624490705665e-07
4.1453671308948405e-06	2.047090195429264e-06	7.381136919563016e-07
4.4312023236750345e-06	2.1887556849761685e-06	7.921383791762301e-07
4.739463484882855e-06	2.341560394498207e-06	8.503587136550819e-07
5.069182618272661e-06	2.5050262951505473e-06	9.124985896913038e-07
5.424708402013132e-06	2.681326902749751e-06	9.793889907626214e-07
5.804573824409099e-06	2.869742176353452e-06	1.0506474171481004e-06
6.213867729895475e-06	3.0728300445259505e-06	1.1272297404000283e-06
6.650465832608903e-06	3.2895505085306537e-06	1.208630222109865e-06
7.120024720221968e-06	3.522760597507909e-06	1.295904037472842e-06
7.619620973694781e-06	3.771038904891134e-06	1.388401833395477e-06
8.155642945907839e-06	4.037635747491236e-06	1.4872872212959375e-06
8.724013377554992e-06	4.320578206469748e-06	1.591725435407062e-06
9.33193459866862e-06	4.623541213715291e-06	1.7030034457858506e-06
9.974033764735988e-06	4.9439413340155266e-06	1.8200609089272065e-06
1.0658482028999825e-05	5.285963089961229e-06	1.9443021657626963e-06
1.137839162370157e-05	5.6462954085991885e-06	2.0744184131366935e-06
1.2143223009286727e-05	6.029798806635146e-06	2.211997397497093e-06
1.2944523741452078e-05	6.432400004606008e-06	2.3554086940807526e-06
1.3793135933176377e-05	6.859668367146888e-06	2.5063782815011404e-06
1.4679532540352019e-05	7.307014056448192e-06	2.6630740564450945e-06
1.5616102970053814e-05	7.78080054229135e-06	2.827395262512179e-06
1.6592124209709443e-05	8.275844706111374e-06	2.9971409608454422e-06
1.762169770934123e-05	8.799384525209674e-06	3.1743739678520823e-06
1.8693963037867956e-05	9.346145207851645e-06	3.3567951645457366e-06
1.982412430487132e-05	9.923979718426508e-06	3.5464808098189055e-06
2.1001125927502707e-05	1.052747584144905e-05	3.740803956471254e-06
2.224145197658103e-05	1.1165186503716348e-05	3.941914681272248e-06
2.353480618865992e-05	1.1832021234638703e-05	4.1471878875956536e-06
2.489815491710879e-05	1.2536867772200893e-05	4.358568802934343e-06
2.6321483369211388e-05	1.3274750072631576e-05	4.5730594685543045e-06
2.7822873827105803e-05	1.4055198210808298e-05	4.792605487795139e-06
2.9392912288089313e-05	1.487350473903008e-05	5.014227048751803e-06
3.105003966111473e-05	1.5739454492809777e-05	5.239419900565063e-06
3.2785156462638085e-05	1.664851052987747e-05	5.4647994226897495e-06
3.461759098352729e-05	1.7610972088000175e-05	5.691830774189057e-06
3.653842852494844e-05	1.862240864914996e-05	5.9171811642606495e-06
3.8567343115473966e-05	1.969337253830833e-05	6.141568621112374e-06
4.0695597106121955e-05	2.081951041010164e-05	6.361434664910163e-06
4.2943475686869654e-05	2.2011744764228902e-05	6.577598446693146e-06
4.530274645265655e-05	2.3265986718024736e-05	6.786745076995456e-06
4.7793718939438264e-05	2.4593202376655513e-05	6.9886018139625445e-06
5.040939374611053e-05	2.598998600316216e-05	7.180187821607361e-06
5.317158330103808e-05	2.7468045557788023e-05	7.361712428122516e-06
5.607325530746463e-05	2.9023880834636925e-05	7.530690697561994e-06
5.9136770653190525e-05	3.0669527897338446e-05	7.686053256181704e-06
6.235794665437225e-05	3.240291122076209e-05	7.826351837752417e-06
6.57593281463575e-05	3.42361111956319e-05	7.951355437676845e-06
6.933932007209145e-05	3.616831811941374e-05	8.059960533907755e-06
7.31189719158465e-05	3.82107212380476e-05	8.150792452328475e-06
7.710179306206375e-05	4.03650954864101e-05	8.22423401194822e-06
8.130673316271634e-05	4.264120239367665e-05	8.28012088209809e-06
8.574081059886996e-05	4.504262813044554e-05	8.31874593431761e-06
9.042135086413856e-05	4.7577879872121765e-05	8.339147661071675e-06
9.536290367211904e-05	5.025414510980858e-05	8.343206401717686e-06
0.00010057688940834977	5.3076226707712944e-05	8.331273538132619e-06
0.00010608473392766975	5.605457247686964e-05	8.30461162417337e-06
0.00011189705801535735	5.9193098110397276e-05	8.263050532679319e-06
0.00011804015908727032	6.250347922732126e-05	8.209599387145481e-06
0.00012452017239071876	6.59865608797151e-05	8.144747197265424e-06
0.0001313766952899263	6.966024970074872e-05	8.070531254667737e-06
0.00013860492412627723	7.351810882347467e-05	7.987714815323542e-06
0.00014625787036494405	7.758287772981304e-05	7.899195616167972e-06
0.00015432562996937302	8.184421863321463e-05	7.80570938539599e-06
0.00016287223022791965	8.632869079559632e-05	7.710467177292192e-06
0.00017187940618060255	9.101888601810982e-05	7.613764670894436e-06
0.00018142739766771555	9.594599108524378e-05	7.518973614190867e-06
0.00019148830436024813	0.0001010850344887912	7.426443548132028e-06
0.0002021596180439682	0.00010647298772118234	7.341087741892128e-06
0.00021340100526780976	0.00011207297323647217	7.261904999071952e-06
0.00022533358633652854	0.00011792812946576085	7.192615179202135e-06
0.0002379000132380538	0.00012398939621037478	7.1338890448922044e-06
0.0002512453585257783	0.0001303059333458601	7.091404006283646e-06
0.00026529719537119443	0.00013681223483348023	7.0630592011106105e-06
0.00028023148886876555	0.00014356366771566193	7.0524087757958025e-06
0.0002959523631955474	0.00015047885159532698	7.0612209881989585e-06
0.00031266624256760036	0.00015761777077375407	7.093861517468533e-06
0.0003302620850482636	0.00016487800023161326	7.148046800056338e-06
0.0003489763825686951	0.0001723236564891545	7.226417742082071e-06
0.0003686753209089998	0.00017983704569329972	7.331629686141907e-06
0.00038963741685700483	0.00018748511205794732	7.465325764091009e-06
0.0004117021090324854	0.0001951232376745555	7.626076879450917e-06
0.00043518934654923484	0.00020282447091767743	7.815379100980116e-06
0.00045990946577298706	0.00021043231936196844	8.035480301280354e-06
0.00048623240588700274	0.00021801640433929064	8.287027891494861e-06
0.000513939785088439	0.0002253982155754135	8.569196053701352e-06
0.0005434473027121567	0.0002326567727811045	8.883625822087294e-06
0.0005745083514665993	0.00023961406495643492	9.230547045241513e-06
0.0006075931368089282	0.0002463365963671328	9.613036305947268e-06
0.0006424246259796051	0.00025263763951017024	1.0029972866118438e-05
0.0006795236757651651	0.00025859847181156667	1.048389941346645e-05
0.000718586844965961	0.0002640500812473589	1.0974356422362824e-05
0.0007601911379261552	0.00026905697763939174	1.1507027570105973e-05
0.0008039988248185974	0.00027346375164275763	1.2081605085488552e-05
0.000850654508957892	0.00027735469433855947	1.2700837662932754e-05
0.0008997791606247206	0.00028060425609978694	1.3366440930953088e-05
0.0009520869315429604	0.00028327079618630755	1.4085850089524737e-05
0.0010071653723796245	0.00028526692769697973	1.4861581611694841e-05
0.0010657841114863817	0.00028667334515242404	1.5696056482551912e-05
0.001127513113837185	0.0002874330420950939	1.6597045415520446e-05
0.001193174309502522	0.00028759622937336746	1.7573085025315164e-05
0.0012623067255006747	0.0002871553137044163	1.8633064788413664e-05
0.0013357857448109659	0.0002861830190738327	1.977932866465501e-05
0.0014131319893907035	0.00028468383476884187	2.103063055884455e-05
0.001495272670447163	0.00028270667606353553	2.2397448179649428e-05
0.0015816994211119554	0.00028029721204805494	2.3900412397063677e-05
0.0016733741804039763	0.00027752106029678647	2.554283590265048e-05
0.0017697721015228903	0.000274421306173288	2.73631407239353e-05
0.0018718756036170945	0.00027105038948317916	2.937663331916412e-05
0.0019791502277441493	0.0002674725326502249	3.1627412813415606e-05
0.0020925614643805364	0.00026374659509405593	3.412477443282504e-05
0.00221158215098838	0.00025993558239426566	3.694654556035664e-05
0.002337133376949498	0.00025609371405993714	4.012372689736062e-05
0.002468677602878828	0.00025228868280334943	4.375181175058374e-05
0.002607066473658477	0.000248566383441484	4.786338401861211e-05
0.002751760962568021	0.0002450264892492396	5.261847131687591e-05
0.0029034761838499343	0.00024169448434785456	5.809923681740934e-05
0.003061668480178957	0.0002386591213836247	6.451698118333304e-05
0.0032268811746142857	0.0002359311848748148	7.198246147157322e-05
0.0033985695553919973	0.0002336877259044892	8.083063737585767e-05
0.0035770013435664424	0.00023187073296684302	9.130797615016158e-05
0.003761624109318273	0.00023062616018625009	0.00010389446990485338
0.0039523762991394195	0.00022991189238303348	0.00011892376710950404
0.004148699078510111	0.00022996631279958806	0.00013714110416473561
0.004350110782956302	0.0002306498171544354	0.0001592527631162499
0.004556027442659531	0.00023213823600443453	0.00018641635112322868
0.004765500750600169	0.00023436349984681267	0.0002194660780843822
0.004977983301846103	0.0002375347402765658	0.0002603072116283521
0.005191884325258027	0.00024149903700403485	0.0003106764182375609
0.005406740905950909	0.00024640681744386565	0.0003736245984109133
0.005620422473756345	0.00025218285452178584	0.0004508231517469285
0.005832525375299019	0.000258980542541846	0.0005476685737433562
0.006040249472075223	0.000266670947511069	0.0006677948071921823
0.0062435169262240395	0.0002753822016573269	0.0008194694180025841
0.006439027901009496	0.00028501820767423507	0.0010052834856265024
0.006626954887791606	0.0002957395980070084	0.0012404274417356985
0.006803423594458909	0.0003074225948955253	0.0015313902205553922
0.006969278635571661	0.000320227945981687	0.001899137348583343
0.007120484909814693	0.00033400334445417203	0.002348153814503818
0.007258307580596122	0.00034900294218508066	0.002916113182630753
0.007378611679440953	0.0003650659022453401	0.003618660479844994
0.00748338988331014	0.00038244246953316336	0.004501081266033655
0.007568803510747829	0.00040090659103061505	0.005591780765223112
0.007637314886649045	0.0004208520332385947	0.006973768632216039
0.007685615561715444	0.0004420786230523367	0.008723355976197215
0.007716688201083185	0.00046494619741568963	0.01095411734616769
0.007727978885477052	0.00048919115242969	0.01383222339923358
0.007722472202428941	0.0005153654825639151	0.017611368367613067
0.007698419326868906	0.0005432663324219998	0.0226755318491402
0.007659214045083168	0.0005733664260984903	0.02942250428176538
0.007603541845632043	0.0006054677894353784	0.038683403171962345
0.007534630622962438	0.0006402545653952504	0.051388346596974874
0.007452141841158508	0.0006776134941377343	0.06932074771981227
0.007358834481588136	0.0007181711328871671	0.09380538866514612
0.007255075943630407	0.0007618222400721867	0.12873166810805314
0.007143082581299631	0.0008094875606308906	0.17713475719534538
0.007023887568094908	0.0008612124643508391	0.24686001183748593
0.006899205704238412	0.0009178615642742545	0.34149928280103026
0.0067701294368152105	0.0009796551253295229	0.478339156469033
0.006638414661467776	0.001047828716438569	0.666365062423291
0.0065051601131690924	0.0011229453090461172	0.9378050031761361
0.006371827138594914	0.0012062488337777225	1.3106927594050564
0.006239383996731925	0.0012987651922896273	1.8577342266799144
0.0061093297815841205	0.0014024144019168787	2.6446543685228363
0.005982607764929299	0.0015189399656594864	3.826605020758985
0.005860418462058748	0.0016505511004808798	5.585580758102342
0.005743969896892582	0.0018000733817013733	8.325265032195077
0.005634433564535395	0.001971053050921895	12.591829523744476
0.0055328939698788965	0.0021680494698651204	19.259271875991285
0.005440134729332783	0.0023957637499786057	29.749449277302016
0.005358017999393579	0.0026613696106142985	46.27615067127534
0.005287011436456223	0.00297263407888008	72.67134795303976
0.005228989319350438	0.0033410520100164483	113.41573739954276
0.005183851646212963	0.003777932642391186	179.2693351997125
0.005154771687118251	0.0043008425219228244	282.97989599631484
0.005140511778195601	0.004929404232504845	457.9783736388485
0.005144501705754224	0.0056914620358820755	739.8789199751526
0.005164854878062511	0.006616978399960873	1242.006560721125
0.005206068877231439	0.0077473178266991415	2086.590813816614
0.005264939290261163	0.009135350805887767	3644.8028067841815
0.005346033060385028	0.010847927596960925	6237.216148877268
0.005446090484444031	0.012960739772043737	11076.793839528653
0.005569420219562177	0.01558293304348916	19236.22737834168
0.005712684342934919	0.018836327736282642	34395.95784446232
0.00588019039834223	0.02290120508087607	60996.52339802627
0.006068502678558439	0.027939305734766558	112394.83188486034
0.006281625277778945	0.034265182854524324	208970.5915047583
0.006516651842468601	0.04210823909354108	400528.1839209345
0.00677812106731823	0.05197875645611218	774284.7283380405
0.007062477719743658	0.06416016525929287	1519185.4576820454
0.007374777320439988	0.07954107593368677	2994253.1860406925
0.00771187180499013	0.09845657044835775	5929604.922679225
0.008080122813955915	0.12233445617058589	12097226.430031594
0.008475205355767445	0.15164679956704852	24926771.466723863
0.00890489340792693	0.18881127803567743	53698134.747066386
0.009365057880233629	0.2345696074798627	114633858.32106048
0.00986565428031767	0.2928928931166283	257592681.78214324
0.010401167114103523	0.36592551985842614	556203254.8054215
0.01098391004235428	0.4604613182079359	1281181752.687522
0.011608630959825358	0.5817937893173633	2875697557.66898
0.012291107341424625	0.7422347438165876	7118084667.597162
0.013025211184466708	0.955025227201101	16512997976.824747
0.013829892557861214	1.243556298883768	41788493482.56969
0.014700122712391803	1.6370244094986806	101189014458.51106
0.015660476604665994	2.1798457921884813	266193912821.59036
0.016705705710068106	2.9366857500408243	670574909517.7338
0.017865352294713532	3.991110682721986	1835398905881.856
0.019136976245496807	5.477492592022699	5012111373925.669
0.020560110692856143	7.546782385024998	14101780207274.797
0.0221347135284552	10.499186654583246	39275833183248.375
0.023909868512418716	14.57643970951679	115784565849798.8
0.02589386191128554	20.399243001177606	360021797827383.3
0.02815550354083551	28.422744685964197	1085880390759294.9
0.030713098981375034	40.030272991328246	3415910483244305.5
0.033656877150235104	56.012025365224076	1.0959161080372416e+16
0.0370281210025183	79.58792061557119	3.9278049854281064e+16
0.04095976725805904	113.15620232451842	1.2602626481899662e+17
0.04552413825444222	164.6415768642721	4.5612522716458624e+17
0.05090792263218555	240.2947588132924	1.6176340660784317e+18
0.0572413576622255	359.94761932232905	6.77094869221259e+18
0.06481431108695532	542.8369269757666	2.295369667535389e+19
0.07384020158203511	836.7311228795642	9.154206768375254e+19
0.08475921793200064	1287.9130118354014	3.8119866440580766e+20
0.09790902791097518	2010.3040199038073	1.542138584750596e+21
0.11399966511689438	3144.991787588289	6.363830574694229e+21
0.133585702865363	4941.8332947964	2.7694084289148714e+22
0.15779163631923623	7768.631146055175	1.2807696341088782e+23
0.18739205286071026	12321.054728608307	6.270583642395397e+23
0.22424112565746854	19898.281255620925	3.201276498070103e+24
0.26973368221473754	32434.906699612235	1.669469983306779e+25
0.3266516327230707	54254.73806197606	8.759179200234699e+25
0.39686577058499545	91709.70771434321	4.623384004915671e+26
0.48492292047622443	160136.81479267403	2.4989282420193076e+27
0.5947091118314971	275576.953095054	1.4213805473469467e+28
0.7319679835129478	486666.8652716416	8.702439070523032e+28
0.9023415798405261	848904.2618199635	5.756705970894894e+29
1.1153337194266097	1534581.2602881794	4.032467300450634e+30
1.382314634174477	2702563.4311530045	2.8932679764318238e+31
1.712759917250845	5017935.637978788	2.0784473193542895e+32
2.1250962834702807	9309496.490256168	1.5071491182053757e+33
2.6372238205286833	18212621.749683343	1.1441940875654863e+34
3.2840140017778983	34545216.63143401	9.461070806875178e+34
4.0814221120996566	68244162.73297405	8.601354660609301e+35
5.095125059800663	134455971.25618175	8.340798237713334e+36
6.371589227382456	270589556.7232829	8.224194559890578e+37
8.033697871447576	541369940.0122343	8.08113406063708e+38
10.148267844987593	1130904176.4575205	8.200124561521557e+39
12.97499153228713	2443454673.507863	9.11383452045429e+40
16.710013190752317	5287439935.026721	1.1345066394519503e+42
21.851439795907993	11515894568.933744	1.5169185453270708e+43
28.731320470969912	25457901905.13217	2.0458154011580308e+44
38.39036284985803	58971123156.05545	2.7650792667087002e+45
51.72638904239749	133221341417.1125	4.0043606755390544e+46
70.6363676270005	318908417435.1343	6.584476250949674e+47
96.61496687504851	767175347755.271	1.1962837610839717e+49
133.56874213567502	1984963888374.279	2.2094988051475004e+50
185.58447102466738	4684576084773.577	4.0918925340814394e+51
258.71357117301307	12238600907169.742	8.272234894729772e+52
360.2577969504655	31673351074500.805	1.9276113176994752e+54
503.67862143474014	92095196113268.34	4.862852975581351e+55
708.4810997045523	231328205573170.7	1.2238493629080896e+57
994.7718646797235	662145333397395.8	3.2417068679274785e+58
1409.1289220485507	1895470034602516.2	9.95427781127705e+59
2012.8313520650518	5853146685456236.0	3.402780180246428e+61
2936.1151957318802	1.648599065665918e+16	1.1743218596087913e+63
4297.785898386555	5.1945909828971624e+16	4.2853935633062126e+64
6443.6054639731965	1.6973282937380954e+17	1.828640837131899e+66
9741.875159058602	5.526176324471285e+17	8.578673596488601e+67
15137.946222922446	1.7703324880109594e+18	4.078873719276964e+69
23175.8425907162	6.193024672895683e+18	2.1635573647291403e+71
36313.43623249438	2.3548657978025624e+19	1.335516170600095e+73
56620.45026289494	8.059632314213288e+19	8.614658433179131e+74
89920.2355800998	2.978789748989645e+20	5.967425330463854e+76
139899.9718117421	1.1727507312974068e+21	4.848210558661861e+78
223209.7873749315	4.980814267629054e+21	4.241316736529197e+80
359958.794608133	1.8619012585009227e+22	3.997579806159404e+82
594342.0261749766	7.739142879462719e+22	4.393881695605761e+84
984654.9584374434	3.2164908175747134e+23	5.233828002529864e+86
1679505.9674999514	1.4119524983414126e+24	6.910076101096233e+88
2922634.6087708487	6.589653210650208e+24	1.0512021242310649e+91
5089986.771073618	3.251218654207325e+25	1.7365851241763559e+93
8857753.877453718	1.6681960523138205e+26	3.319819986343357e+95
15593230.805672158	8.721711927454119e+26	7.024541898628709e+97
28108311.12085918	4.5823058946018586e+27	1.6950995302164198e+100
50077074.64033433	2.4245233638112196e+28	4.691890848078537e+102
92161789.23779662	1.3182226962281517e+29	1.430515217039262e+105
172826356.9193128	7.569377355113343e+29	5.2690992909397986e+107
341193112.74281657	4.6864615859046593e+30	2.060061233893719e+110
645591721.334973	3.1334634977167234e+31	1.0098350695937202e+113
1275666540.003003	2.2109221922368804e+32	5.223451180190808e+115
2506546937.845431	1.5911039301571637e+33	3.401270761323753e+118
5195097540.053254	1.1448805936340014e+34	2.3736104649440295e+121
10162494488.490215	8.33865066463894e+34	2.084376561705956e+124
21493118414.714035	6.389771508146525e+35	1.9759692022145345e+127
46073029839.18414	5.350829415664781e+36	2.405818306816697e+130
103218135219.49644	4.927264664297489e+37	3.083988689194574e+133
217227510798.4604	4.8214625132781676e+38	5.394010122819227e+136
486626807002.8622	4.770211262519046e+39	9.364604156874662e+139
1118964759574.7964	4.702065692063176e+40	2.3820818013112144e+143
2619883707932.8994	4.8101060308406186e+41	5.8792928037521615e+146
6058471846469.974	5.4182009955570044e+42	2.0557658157172515e+150
14831022082818.627	6.846580104139787e+43	8.192863708238783e+153
37963931503796.375	9.25899824166425e+44	3.6084333164638747e+157
92593270659204.7	1.2551219715667395e+46	2.393976702859007e+161
233430963621117.7	1.7034294443966827e+47	1.5727973753938017e+165
618957315636924.5	2.4912329725678298e+48	1.3381320780823089e+169
1790866530759434.0	4.165757018272377e+49	1.6420872589229794e+173
4605976258084524.0	7.69868832047187e+50	2.0496151246441126e+177
1.29343066013319e+16	1.4350825525111835e+52	3.2044084408465076e+181
3.737819792972288e+16	2.667004578806669e+53	7.517734841143329e+185
1.224442413839982e+17	5.434748568619109e+54	2.0687042165530986e+190
3.3034082725127206e+17	1.2930517278959925e+56	6.284658987871693e+194
1.0524386787827341e+18	3.3337350673819515e+57	2.5792461893666194e+199
3.380402168091973e+18	8.449260055042333e+58	1.520247824396565e+204
1.2263302904540836e+19	2.238025429378751e+60	1.1550753358305197e+209
3.565631848649614e+19	6.990777623818336e+61	1.0539589996126906e+214
1.2717511737118373e+20	2.4705250021906005e+63	1.1938369741727703e+219
4.7427410036409205e+20	8.61148882429459e+64	1.78647206838138e+224
1.7976250679490128e+21	3.118608677956786e+66	3.6450080650013925e+229
6.033166283263855e+21	1.361093926528755e+68	1.0134511559559613e+235
2.4366939635089456e+22	6.665791556462738e+69	3.803796451663671e+240
1.0263254599176799e+23	3.1691079001108236e+71	1.918568464171741e+246
4.046752789848657e+23	1.66428122108684e+73	1.307027356577232e+252
1.6308140609854298e+24	1.0804060844291635e+75	1.2087273998903308e+258
6.836510500889034e+24	7.179935129154052e+76	1.535144524528899e+264
3.0324516145523864e+25	4.829061970751108e+78	2.7074115909207676e+270
1.4295683965003342e+26	4.086682277927035e+80	6.709843268592978e+276
7.107905429344636e+26	3.7851136732671826e+82	2.351470259182097e+283
3.6628156699692974e+27	3.4205024458632337e+84	1.1666111768068999e+290
1.9170803087175351e+28	3.913100075388719e+86	8.149776126537741e+296
1.0075863731429026e+29	4.994972771654286e+88	8.154995578983321e+303
5.348623009344642e+29	6.213438817505925e+90	inf
2.9310166599789865e+30	1.0163250291847284e+93	inf
1.7041266823147653e+31	1.754317644225574e+95	inf
1.070075409779288e+32	3.1460585190482622e+97	inf
7.232863252328807e+32	7.6055260250627055e+99	inf
5.128856085972357e+33	1.7351716113447697e+102	inf
3.691495891045044e+34	5.009534306253993e+104	inf
2.6574982232765378e+35	1.6538400112721983e+107	inf
1.9483749970861468e+36	5.584136674834835e+109	inf
1.5147401681096195e+37	2.604875259879259e+112	inf
1.2917678962086618e+38	1.1181975018413257e+115	inf
1.2049265340866121e+39	6.951110606315544e+117	inf
1.1834841965740168e+40	4.0349381921729635e+120	inf
1.1684633675949396e+41	3.308237156992373e+123	inf
1.1568445673355626e+42	2.6479430348965728e+126	inf
1.2011177069944328e+43	2.9398161727867215e+129	inf
1.3826381399732802e+44	3.206162174849086e+132	inf
1.774853116693949e+45	5.0269487112331604e+135	inf
2.4044578894488904e+46	7.420353913618805e+138	inf
3.2529708215957894e+47	1.6860842589884023e+142	inf
4.4598162211016497e+48	3.4860053687356644e+145	inf
6.684272528081919e+49	1.1021392265581718e+149	inf
1.1425559211944076e+51	3.5624546567173234e+152	inf
2.1191587147172675e+52	1.4148149268916582e+156	inf
3.938134707645289e+53	7.9179253092061e+159	inf
7.414259434501268e+54	4.208087610220546e+163	inf
1.5562436451644959e+56	3.33683543919138e+167	inf
3.77961028226403e+57	3.2658370819576846e+171	inf
9.711656481757819e+58	3.243444742785265e+175	inf
2.4695175148250352e+60	4.7741363620359305e+179	inf
6.735561535114262e+61	9.232816681302218e+183	inf
2.1656313674653125e+63	1.870196793745866e+188	inf
7.645443490829902e+64	4.854443434402238e+192	inf
2.669516281000435e+66	1.854718306799751e+197	inf
1.0003395043343137e+68	8.98468428486581e+201	inf
4.486449831368744e+69	4.978314686012866e+206	inf
2.186353869078192e+71	3.424727041647804e+211	inf
1.0536442206783061e+73	3.218626234622297e+216	inf
5.770379886389914e+74	4.215590845494002e+221	inf
3.7824081168456e+76	7.4007308064393e+226	inf
2.511519734488638e+78	1.6932190374297784e+232	inf
1.760124002826694e+80	5.020918099531598e+237	inf
1.525832382905741e+82	1.9666849046859393e+243	inf
1.4051581389031715e+84	1.031611650811681e+249	inf
1.3213686669887559e+86	7.377858946444377e+254	inf
1.554378952202263e+88	7.254113127499047e+260	inf
1.97565795900225e+90	9.88061233584963e+266	inf
2.571583901746339e+92	1.872249416684904e+273	inf
4.295520109703195e+94	4.93537551316613e+279	inf
7.446358565514517e+96	1.799450065789777e+286	inf
1.4071663546012439e+99	9.122572417552548e+292	inf
3.411469044070827e+101	6.592970993547053e+299	inf
8.026087026581922e+103	7.24594204679779e+306	inf
2.4080667366120112e+106	inf	inf
7.972769043037476e+108	inf	inf
2.844334148124806e+111	inf	inf
1.330028323535738e+114	inf	inf
5.9784987126589656e+116	inf	inf
3.792126255605279e+119	inf	inf
2.2756503374515363e+122	inf	inf
1.931195461694901e+125	inf	inf
1.5813769540813934e+128	inf	inf
1.8325911366204903e+131	inf	inf
2.0452278310045145e+134	inf	inf
3.341534866964724e+137	inf	inf
5.106946512322237e+140	inf	inf
1.1915482949015216e+144	inf	inf
2.60632659060371e+147	inf	inf
8.263055636036244e+150	inf	inf
2.900750240772254e+154	inf	inf
1.1524505724078451e+158	inf	inf
6.822641235073734e+161	inf	inf
3.857853098938474e+165	inf	inf
3.035383452045138e+169	inf	inf
3.2218104439922416e+173	inf	inf
3.3936167494884214e+177	inf	inf
4.94067209037932e+181	inf	inf
1.0248455673232279e+186	inf	inf
2.2775886105433482e+190	inf	inf
5.99981167889519e+194	inf	inf
2.304412672639772e+199	inf	inf
1.2005068160349338e+204	inf	inf
7.368327755465485e+208	inf	inf
5.400274761501429e+213	inf	inf
5.196912328353507e+218	inf	inf
6.919495916753227e+223	inf	inf
1.2616247687515755e+229	inf	inf
3.0644886237128953e+234	inf	inf
9.796666492820373e+239	inf	inf
4.138494060756665e+245	inf	inf
2.3376826192613143e+251	inf	inf
1.7903291345447756e+257	inf	inf
1.8765818136966028e+263	inf	inf
2.7116147851031406e+269	inf	inf
5.43088937680534e+275	inf	inf
1.5130596658488957e+282	inf	inf
5.881954768513159e+288	inf	inf
3.2387294901457855e+295	inf	inf
2.610687306610316e+302	inf	inf
inf	inf	inf
inf	inf	inf
inf	inf	inf
inf	inf	inf
inf	inf	inf
inf	inf	inf
inf	inf	inf
inf	inf	inf
inf	inf	inf
inf	inf	inf
inf	inf	inf
inf	inf	inf
inf	inf	inf
inf	inf	inf
inf	inf	inf
inf	inf	inf
inf	inf	inf
inf	inf	inf
inf	inf	inf
inf	inf	inf
inf	inf	inf
inf	inf	inf
inf	inf	inf
inf	inf	inf
inf	inf	inf
inf	inf	inf
inf	inf	inf
inf	inf	inf
inf	inf	inf
inf	inf	inf
inf	inf	inf
inf	inf	inf
inf	inf	inf
inf	inf	inf
inf	inf	inf
inf	inf	inf
inf	inf	inf
inf	inf	inf
inf	inf	inf
inf	inf	inf
inf	inf	inf
inf	inf	inf
inf	inf	inf
inf	inf	inf
inf	inf	inf
inf	inf	inf
inf	inf	inf
inf	inf	inf
inf	inf	inf
inf	inf	inf
inf	inf	inf
inf	inf	inf
inf	inf	inf
inf	inf	inf
inf	inf	inf
inf	inf	inf
inf	inf	inf
inf	inf	inf
inf	inf	inf
inf	inf	inf
inf	inf	inf
inf	inf	inf
inf	inf	inf
inf	inf	inf
inf	inf	inf
inf	inf	inf
inf	inf	inf
inf	inf	inf
inf	inf	inf
inf	inf	inf
inf	inf	inf
inf	inf	inf
inf	inf	inf
inf	inf	inf
inf	inf	inf
inf	inf	inf
inf	inf	inf
inf	inf	inf
inf	inf	inf
inf	inf	inf
inf	inf	inf
inf	inf	inf
inf	inf	inf
inf	inf	inf
inf	inf	inf
inf	inf	inf
inf	inf	inf
inf	inf	inf
inf	inf	inf
inf	inf	inf
inf	inf	inf
inf	inf	inf
inf	inf	inf
inf	inf	inf
inf	inf	inf
inf	inf	inf
inf	inf	inf
inf	inf	inf
inf	inf	inf
inf	inf	inf
inf	inf	inf
inf	inf	inf
inf	inf	inf
inf	inf	inf
inf	inf	inf
inf	inf	inf
inf	inf	inf
inf	inf	inf
inf	inf	inf
inf	inf	inf
inf	inf	inf
inf	inf	inf
inf	inf	inf
inf	inf	inf
inf	inf	inf
inf	inf	inf
inf	inf	inf
inf	inf	inf
inf	inf	inf
inf	inf	inf
inf	inf	inf
inf	inf	inf
inf	inf	inf
inf	inf	inf
inf	inf	inf
inf	inf	inf
inf	inf	inf
inf	inf	inf
inf	inf	inf
inf	inf	inf
inf	inf	inf
inf	inf	inf
inf	inf	inf
inf	inf	inf
inf	inf	inf
inf	inf	inf
inf	inf	inf
inf	inf	inf
inf	inf	inf
inf	inf	inf
inf	inf	inf
inf	inf	inf
inf	inf	inf
inf	inf	inf
inf	inf	inf
inf	inf	inf
inf	inf	inf
inf	inf	inf
inf	inf	inf
inf	inf	inf
inf	inf	inf
inf	inf	inf
inf	inf	inf
inf	inf	inf
inf	inf	inf
inf	inf	inf
inf	inf	inf
inf	inf	inf
inf	inf	inf
inf	inf	inf
inf	inf	inf
inf	inf	inf
inf	inf	inf
inf	inf	inf
inf	inf	inf
inf	inf	inf
inf	inf	inf
inf	inf	inf
inf	inf	inf
inf	inf	inf
inf	inf	inf
inf	inf	inf
inf	inf	inf
inf	inf	inf
inf	inf	inf
inf	inf	inf
inf	inf	inf
inf	inf	inf
inf	inf	inf
inf	inf	inf
inf	inf	inf
inf	inf	inf
inf	inf	inf
inf	inf	inf
inf	inf	inf
inf	inf	inf
inf	inf	inf
inf	inf	inf
inf	inf	inf
inf	inf	inf
inf	inf	inf
inf	inf	inf
inf	inf	inf
inf	inf	inf
inf	inf	inf
inf	inf	inf
inf	inf	inf
inf	inf	inf
inf	inf	inf
inf	inf	inf
inf	inf	inf
inf	inf	inf
inf	inf	inf
inf	inf	inf
inf	inf	inf
inf	inf	inf
inf	inf	inf
inf	inf	inf
inf	inf	inf
inf	inf	inf
inf	inf	inf

