7.118297503364325e-10	3.1740629161300303e-10	8.77978955714443e-11
7.128362349300418e-10	3.178582344277053e-10	8.792522961844004e-11
7.138393014593435e-10	3.183086501953398e-10	8.805228916588376e-11
7.148437175578507e-10	3.187596885229412e-10	8.817958493177901e-11
7.158411026227539e-10	3.192075585260094e-10	8.830607732995227e-11
7.168417061352271e-10	3.196570931532256e-10	8.843311736185121e-11
7.178332036904618e-10	3.201026567008642e-10	8.855905790529218e-11
7.188197251078434e-10	3.2054630751525325e-10	8.868457787625576e-11
7.198072800005803e-10	3.2099018101432234e-10	8.88102597672151e-11
7.20783744777977e-10	3.2142947615950216e-10	8.893475059270454e-11
7.217608003377059e-10	3.2186894714616875e-10	8.9059342039569e-11
7.227381396470474e-10	3.2230837772639133e-10	8.918408643034201e-11
7.23705359447163e-10	3.2274369964991313e-10	8.930775583463002e-11
7.246691284312551e-10	3.231779018648497e-10	8.943110284471755e-11
7.256301420199284e-10	3.236103870205888e-10	8.955419136146001e-11
7.265844441592723e-10	3.2404065617824984e-10	8.967668123775582e-11
7.275343898360052e-10	3.244685026916419e-10	8.979865424076735e-11
7.284763890962682e-10	3.24893412032251e-10	8.991980623180552e-11
7.294175233784605e-10	3.253175765373101e-10	9.0040990553035e-11
7.303505026855738e-10	3.2573865730558993e-10	9.016132424652429e-11
7.312782416693388e-10	3.261573046730282e-10	9.028112735230812e-11
7.321988757762697e-10	3.265728980024949e-10	9.040021442699024e-11
7.331152941534067e-10	3.269870576505866e-10	9.051895611014415e-11
7.340270098905538e-10	3.273988760525565e-10	9.063719516801977e-11
7.349286455293189e-10	3.278065024714932e-10	9.075440069734228e-11
7.35827774023052e-10	3.2821309842012717e-10	9.08714532665063e-11
7.367171113956891e-10	3.286155731024044e-10	9.098741236093316e-11
7.376001138538196e-10	3.2901525249863573e-10	9.110280072740794e-11
7.384734610293343e-10	3.2941098571471625e-10	9.121721148301218e-11
7.393423366744356e-10	3.2980473315397786e-10	9.133116790924142e-11
7.401997711520402e-10	3.3019362320534676e-10	9.144394715312636e-11
7.410512670923662e-10	3.305799165876462e-10	9.155616496211669e-11
7.418944829849707e-10	3.3096286066093746e-10	9.166752456685418e-11
7.427281080179323e-10	3.3134152945566693e-10	9.177789211363145e-11
7.435541585150822e-10	3.317171017123946e-10	9.18875572571577e-11
7.443712785350009e-10	3.320887991419104e-10	9.199627969551883e-11
7.451766189515146e-10	3.324557199762672e-10	9.210378164820215e-11
7.4597257259753e-10	3.3281835447524666e-10	9.221036085338577e-11
7.467590507459033e-10	3.3317718915396094e-10	9.231590528567206e-11
7.476565593811603e-10	3.335850285906649e-10	9.243512312634701e-11
7.488775699415101e-10	3.341340495836108e-10	9.259039845431074e-11
7.500263933733551e-10	3.3465164974990353e-10	9.273765636769118e-11
7.506832675109123e-10	3.3495410475281776e-10	9.282896372327464e-11
7.517208136393328e-10	3.354230670739711e-10	9.29638794213995e-11
7.526967564353305e-10	3.3586556408863385e-10	9.309204923599601e-11
7.536143147441587e-10	3.362827800442155e-10	9.321382994806066e-11
7.544762295598518e-10	3.366758622421907e-10	9.332940308375376e-11
7.549551725175866e-10	3.369009093246363e-10	9.340099671582374e-11
7.557266064936072e-10	3.3725471365840777e-10	9.35066408531122e-11
7.564488269121413e-10	3.3758730829361235e-10	9.360680598912805e-11
7.571230748501263e-10	3.3789906732162773e-10	9.370179559185597e-11
7.577516063004987e-10	3.38190895570308e-10	9.379162123547014e-11
7.583374602908904e-10	3.3846413410001323e-10	9.387683235419018e-11
7.586413391970232e-10	3.386133184938266e-10	9.392910099179559e-11
7.591585108942104e-10	3.388567427144994e-10	9.400668979599969e-11
7.596371273477401e-10	3.3908340853569414e-10	9.408002665570993e-11
7.600802537376825e-10	3.392947736172538e-10	9.414937857236316e-11
7.604863862306358e-10	3.3949021663458526e-10	9.42148197358755e-11
7.606766241957192e-10	3.395900775286949e-10	9.425455645245853e-11
7.610289997060274e-10	3.397620982448404e-10	9.431402396805367e-11
7.613483286373419e-10	3.3991996943607574e-10	9.436991261679761e-11
7.616406227061257e-10	3.4006598212280035e-10	9.442276940828927e-11
7.619055979981192e-10	3.401998778516463e-10	9.447257006471642e-11
7.621442342720816e-10	3.4032290528432807e-10	9.45197327694229e-11
7.622245777062361e-10	3.403750223411162e-10	9.454752155082976e-11
7.624199186642735e-10	3.4047918992059925e-10	9.458995699388816e-11
7.625944759456736e-10	3.4057438777533337e-10	9.463007945311647e-11
7.627464081596495e-10	3.406595810157354e-10	9.466776710939553e-11
7.628792099060057e-10	3.407367415533474e-10	9.470335446943953e-11
7.628881332631489e-10	3.4075820292298535e-10	9.472376541730473e-11
7.629853321761363e-10	3.408197339847414e-10	9.475563530025448e-11
7.630638801485696e-10	3.40873600629395e-10	9.478559515774718e-11
7.631251881981131e-10	3.4091983394368486e-10	9.481360414684403e-11
7.631694484940832e-10	3.4095882609769635e-10	9.483985161350982e-11
7.631963402054426e-10	3.409902925940095e-10	9.486438919292334e-11
7.631332311038158e-10	3.409813090515787e-10	9.487753370174697e-11
7.631323411836464e-10	3.410009266740855e-10	9.489928440860792e-11
7.631165624128785e-10	3.4101437320259494e-10	9.491939028143651e-11
7.630868327849363e-10	3.4102172057399256e-10	9.49381432811196e-11
7.630440468908198e-10	3.4102380242879517e-10	9.495560460435227e-11
7.629879448207311e-10	3.410196383882659e-10	9.497174975180911e-11
7.628670907462476e-10	3.4098652297597683e-10	9.497961376194989e-11
7.627912012503045e-10	3.4097450394726535e-10	9.499391750510775e-11
7.62703243861034e-10	3.409571655079427e-10	9.500708406244906e-11
7.626048894637172e-10	3.4093571648616444e-10	9.501926198298054e-11
7.624962114235692e-10	3.4091003794852574e-10	9.503060264558215e-11
7.623375328898943e-10	3.408609844662438e-10	9.503530610159295e-11
7.622100778662038e-10	3.408273356914353e-10	9.504491280623093e-11
7.620748495129876e-10	3.4079062773378835e-10	9.505397934119507e-11
7.619303964731378e-10	3.4075002430667173e-10	9.506217142710098e-11
7.617776822083195e-10	3.407061709562883e-10	9.506981680116352e-11
7.616180837848117e-10	3.4065942038481785e-10	9.507692523616593e-11
7.614196042615273e-10	3.405945075082523e-10	9.50788453508623e-11
7.612466542220235e-10	3.405426247471816e-10	9.508504860490691e-11
7.610750045331178e-10	3.40491117711663e-10	9.509168080953086e-11
7.608876581918425e-10	3.4043353923746374e-10	9.509684903083197e-11
7.606976421564429e-10	3.403749461285986e-10	9.51021488989732e-11
7.604830990319455e-10	3.403050603550443e-10	9.510405744297773e-11
7.602822175009257e-10	3.402420580589118e-10	9.510878644655125e-11
7.600848592129064e-10	3.40181214304767e-10	9.511425618866039e-11
7.598789754734192e-10	3.401170746070006e-10	9.511912930339387e-11
7.596710549979023e-10	3.4005205794334316e-10	9.512426334482028e-11
7.594621930314538e-10	3.399877641274522e-10	9.512974024109268e-11
7.592333453044649e-10	3.39913761397516e-10	9.513240003568181e-11
7.5902316112712e-10	3.398491945727021e-10	9.513849678579855e-11
7.588176849771033e-10	3.397870480884994e-10	9.514554867505505e-11
7.586083300723419e-10	3.397239777866159e-10	9.515271139167629e-11
7.583976347667864e-10	3.396603020136072e-10	9.51602017639408e-11
7.581825020847321e-10	3.395950044398081e-10	9.516693963561873e-11
7.579846467926085e-10	3.3953820297060885e-10	9.517687684058986e-11
7.577859869232928e-10	3.394813819688752e-10	9.518714904073013e-11
7.575963853361174e-10	3.394293127792551e-10	9.5199070554797e-11
7.574142489428105e-10	3.3938108829697157e-10	9.521251535910604e-11
7.572352023498942e-10	3.393347432222062e-10	9.522684954126531e-11
7.570602741727425e-10	3.392903461450777e-10	9.524148942714001e-11
7.569025943984059e-10	3.392541600965336e-10	9.525935927495442e-11
7.567600271509946e-10	3.392255605208253e-10	9.52796069860337e-11
7.566315424223696e-10	3.392039987895165e-10	9.530224154033777e-11
7.565129300071899e-10	3.3918710205117176e-10	9.532663814397671e-11
7.56407909247268e-10	3.3917682739124223e-10	9.535269883983617e-11
7.563283452541992e-10	3.3917841438177114e-10	9.538290368556238e-11
7.562673137758806e-10	3.3918903769701084e-10	9.541589706864279e-11
7.562308853927146e-10	3.392107606387653e-10	9.545266274326162e-11
7.562211629718131e-10	3.39245543164613e-10	9.549327889983223e-11
7.562350991579078e-10	3.392912674787825e-10	9.553749711786247e-11
7.562761655538948e-10	3.3934973071168036e-10	9.558505059032916e-11
7.563490197078438e-10	3.3942291145133283e-10	9.563753945718001e-11
7.564658265973039e-10	3.3951622472077517e-10	9.569611466786246e-11
7.566223319375847e-10	3.3962831655263257e-10	9.576039753195624e-11
7.568163712105225e-10	3.3975735816170477e-10	9.58299205245033e-11
7.570560719948994e-10	3.3990805821353287e-10	9.59057082479358e-11
7.573374287298886e-10	3.4007735633587423e-10	9.59867794848507e-11
7.576778366800711e-10	3.4027424683501705e-10	9.607635554621452e-11
7.580840236727778e-10	3.4050098106505525e-10	9.617478384600946e-11
7.58549815268524e-10	3.407552158892879e-10	9.628138692965852e-11
7.590762616443516e-10	3.4103753379998957e-10	9.639620785590424e-11
7.596701033985542e-10	3.4135021939740194e-10	9.651969864140342e-11
7.603414109451941e-10	3.416988418731979e-10	9.665385424831314e-11
7.61112056813351e-10	3.4209225499660207e-10	9.680131851148182e-11
7.619719095053146e-10	3.4252682216016144e-10	9.6960694955542e-11
7.629204892383477e-10	3.4300197573998343e-10	9.713199766311995e-11
7.639667028020377e-10	3.435217731332954e-10	9.731624922838627e-11
7.65112298689268e-10	3.4408640027537457e-10	9.75133037262943e-11
7.664016749491669e-10	3.44717153826317e-10	9.772970531145352e-11
7.678213988109227e-10	3.4540684159048994e-10	9.79635081709127e-11
7.693717539519301e-10	3.4615600296518895e-10	9.821449478503011e-11
7.710590344272115e-10	3.469678764985663e-10	9.848374011888048e-11
7.728864476878118e-10	3.478435270567488e-10	9.877123117277648e-11
7.748953338041743e-10	3.4880129603269235e-10	9.908272970727705e-11
7.771054190068896e-10	3.498512599174611e-10	9.942092621526521e-11
7.794962492355057e-10	3.509834917851239e-10	9.978312818343526e-11
7.82078927988912e-10	3.5220310031932417e-10	1.0017070425498877e-10
7.848617954652543e-10	3.5351344277610326e-10	1.0058465358450643e-10
7.878659260061552e-10	3.549248560442165e-10	1.010276573864952e-10
7.911631661766661e-10	3.564696036186714e-10	1.0150949217762386e-10
7.94715191816807e-10	3.581306791374505e-10	1.020252628215144e-10
7.98527769623565e-10	3.5991048012773666e-10	1.0257548087677495e-10
8.026148283171739e-10	3.618153007619833e-10	1.031620641014311e-10
8.069881524508311e-10	3.638509737970841e-10	1.0378662073864017e-10
8.117497556771868e-10	3.660623572480354e-10	1.044621002505334e-10
8.168723163214656e-10	3.6843951824463475e-10	1.0518581090388784e-10
8.223490839424192e-10	3.7097770516596677e-10	1.0595651167040528e-10
8.281926400770373e-10	3.7368387945174346e-10	1.0677609366742268e-10
8.344239704285053e-10	3.7656667276698556e-10	1.0764711406887356e-10
8.411227996356689e-10	3.7966241021264135e-10	1.0857950274663323e-10
8.483460569359641e-10	3.8299711567824875e-10	1.0958138856950342e-10
8.560508848571134e-10	3.86551772293324e-10	1.1064706160052488e-10
8.642567685840972e-10	3.903349637648091e-10	1.1177906410596512e-10
8.729945343510157e-10	3.943606018434798e-10	1.1298129314573542e-10
8.823278318199033e-10	3.9865751665542533e-10	1.142615702420279e-10
8.924131447275815e-10	4.032962706357992e-10	1.1563971544488854e-10
9.032045780625322e-10	4.0825581901538814e-10	1.1710998618556101e-10
9.147287678862709e-10	4.1354887123077487e-10	1.186758680445652e-10
9.270454357965991e-10	4.1920173782551273e-10	1.2034422350951832e-10
9.40227326371371e-10	4.2524732192478607e-10	1.2212415014511632e-10
9.545499302764207e-10	4.318079865505643e-10	1.2404859509195213e-10
9.700306770362953e-10	4.3889282333737203e-10	1.2612062762223243e-10
9.867099165941414e-10	4.4651961476590237e-10	1.2834480077245775e-10
1.0047018376364683e-09	4.5473923402359996e-10	1.3073457046956232e-10
1.0241398890874974e-09	4.6361154494275654e-10	1.333062160007296e-10
1.0453620997337796e-09	4.73286425662698e-10	1.360988008182842e-10
1.0686013900868794e-09	4.83868283830847e-10	1.3914150524743596e-10
1.0938729159091295e-09	4.953658330032804e-10	1.4243645185418429e-10
1.1213432684469083e-09	5.078526556725627e-10	1.4600290077582806e-10
1.1512211960441058e-09	5.214216754888789e-10	1.4986528091951562e-10
1.1838009957337e-09	5.362045229013009e-10	1.540578671647365e-10
1.2195951798170184e-09	5.524275779370605e-10	1.5863964760524114e-10
1.2585736132364576e-09	5.700817926904798e-10	1.6360942820505742e-10
1.3009044820660875e-09	5.892414280714482e-10	1.6898512598136592e-10
1.3468273424572378e-09	6.100134268533469e-10	1.7479403144386186e-10
1.39660040298538e-09	6.325122183939985e-10	1.8106451647962715e-10
1.450589274385925e-09	6.568994980259394e-10	1.8783584175127737e-10
1.5091145846355817e-09	6.833206645872362e-10	1.9514614295485747e-10
1.5722283817128206e-09	7.118011173259948e-10	2.030003001806307e-10
1.6401669438233547e-09	7.424450546409672e-10	2.114224176855625e-10
1.7132202447728539e-09	7.753821750970432e-10	2.2044299312748862e-10
1.7913124901976494e-09	8.105795410595182e-10	2.3004911502618826e-10
1.8752200412353742e-09	8.483803056748331e-10	2.40325132116147e-10
1.96509185387417e-09	8.888586613513218e-10	2.5128981473038293e-10
2.061135868669286e-09	9.32108029201056e-10	2.629618432941508e-10
2.163685937822665e-09	9.78276357704515e-10	2.75373867278451e-10
2.272751910204882e-09	1.0273725722362712e-09	2.8852337996755934e-10
2.3883700548560466e-09	1.0794135622822246e-09	3.0240607556653454e-10
2.5118112442260657e-09	1.1349669954469365e-09	3.171633790317028e-10
2.6431522928098713e-09	1.1940788414341875e-09	3.3280257555536707e-10
2.7827383311133694e-09	1.2569030191246958e-09	3.49354451403957e-10
2.931016134082433e-09	1.3236431995922932e-09	3.6686106419426027e-10
3.0869949106037273e-09	1.3938704643547375e-09	3.852091468214074e-10
3.252770592120758e-09	1.4685113394423354e-09	4.0461557472197677e-10
3.4288969874532652e-09	1.5478337279833313e-09	4.251456384603012e-10
3.6157552307702677e-09	1.6320155617925924e-09	4.468321641345832e-10
3.8139510605487824e-09	1.7213337466405927e-09	4.697310034592904e-10
4.023259713994301e-09	1.8157027635046083e-09	4.938104190856659e-10
4.243650025336118e-09	1.9151190996392165e-09	5.190553607210942e-10
4.478105977056915e-09	2.0209207747797854e-09	5.457756171377783e-10
4.7268049480660896e-09	2.1332155641081365e-09	5.739928204386259e-10
4.990437981908139e-09	2.2523293159082073e-09	6.037659214101296e-10
5.269626508242738e-09	2.378555335364918e-09	6.351482493021923e-10
5.5627246741103435e-09	2.511198696878739e-09	6.679644300073584e-10
5.873223826265953e-09	2.6518067155413576e-09	7.025482727373424e-10
6.202737760991965e-09	2.8011570049134737e-09	7.390789239547394e-10
6.551793012519507e-09	2.9595165623989323e-09	7.776019478121745e-10
6.92139936827494e-09	3.127366374173082e-09	8.182043069181545e-10
7.311197021152809e-09	3.3045922322300002e-09	8.608424679053076e-10
7.720498798648035e-09	3.4909231544794816e-09	9.054361571782497e-10
8.155348345911605e-09	3.6890736253486333e-09	9.525639659911403e-10
8.616082231965413e-09	3.899300858589009e-09	1.0022884544666924e-09
9.103930006005746e-09	4.122181679051785e-09	1.0547094099177628e-09
9.619952085460985e-09	4.3582631938840685e-09	1.1099188946981121e-09
1.0161811662709525e-08	4.606578752610574e-09	1.1676990855180036e-09
1.0734521481648852e-08	4.869372622427443e-09	1.2284820997656516e-09
1.1342387607987247e-08	5.1487106669433505e-09	1.2927218196210412e-09
1.1986199714183705e-08	5.445039597023413e-09	1.3605040028944597e-09
1.2667919194805333e-08	5.759323145820316e-09	1.4319971123537747e-09
1.338758292584951e-08	6.0916880993125284e-09	1.507208541669216e-09
1.4142746546613151e-08	6.4411072452377995e-09	1.5859206624672106e-09
1.4944946325374288e-08	6.812834475449096e-09	1.6691494662752503e-09
1.57953484867429e-08	7.20761190245935e-09	1.7571170005531895e-09
1.6696232970694924e-08	7.626585515117232e-09	1.8500207668192276e-09
1.7649826854182584e-08	8.070906848135618e-09	1.948067110167892e-09
1.865279080455642e-08	8.539210194364027e-09	2.0510089258294032e-09
1.9711275500636536e-08	9.034302504043195e-09	2.159338755100597e-09
2.0835975901811627e-08	9.561307353878378e-09	2.2741204268560876e-09
2.2028105525865368e-08	1.0120969136614543e-08	2.3955699748594726e-09
2.3291244127065704e-08	1.071512796205005e-08	2.524011964297595e-09
2.4626791592601984e-08	1.1344612604724302e-08	2.659632327484619e-09
2.6028654932215193e-08	1.2006730824496818e-08	2.8020056529318397e-09
2.7517721777681234e-08	1.2711149591733872e-08	2.9528593511322947e-09
2.909808946622548e-08	1.3460150056948584e-08	3.112909518696349e-09
3.077363046009296e-08	1.4255749126832903e-08	3.282559327073961e-09
3.254930309774851e-08	1.5100485924314482e-08	3.462328738498335e-09
3.442086986746818e-08	1.5992543171024405e-08	3.6520680193706757e-09
3.639389708597722e-08	1.6934485062206897e-08	3.852265831349519e-09
3.849333064586579e-08	1.7938277415509333e-08	4.065314094808212e-09
4.072110353807793e-08	1.9005167508796063e-08	4.291826024124756e-09
4.308426057425311e-08	2.0138761301265346e-08	4.532533150494886e-09
4.558733571263647e-08	2.1341343185091928e-08	4.78812551403026e-09
4.821790391690742e-08	2.2607096045732923e-08	5.057976113944436e-09
5.101219010017863e-08	2.39530998915423e-08	5.345037502506095e-09
5.3982634033647706e-08	2.5385744832912955e-08	5.651378784825353e-09
5.7136292279244035e-08	2.6908703532815932e-08	5.977988571262033e-09
6.048355103446377e-08	2.852711359000334e-08	6.326199188761699e-09
6.402080526155957e-08	3.02393800069842e-08	6.696414234814083e-09
6.774903866611085e-08	3.2045663039337345e-08	7.0890902805249784e-09
7.172283529247256e-08	3.397245986056169e-08	7.509473957722437e-09
7.594708752999558e-08	3.6022597149211244e-08	7.959486593161144e-09
8.043582072196099e-08	3.820304785528451e-08	8.44097188235822e-09
8.520066295020663e-08	4.051955305701268e-08	8.956016269519084e-09
9.022055385127592e-08	4.2961722267129246e-08	9.504162610432945e-09
9.555379055196552e-08	4.555763146145363e-08	1.0090466988471904e-08
1.0123748131298413e-07	4.832590793231581e-08	1.072084592705229e-08
1.0728424377649297e-07	5.127302834725706e-08	1.1397927344133746e-08
1.1371693800788622e-07	5.441029149963412e-08	1.2125398976183024e-08
1.2053775740572358e-07	5.7738596361738214e-08	1.2905625454922786e-08
1.2773245572459603e-07	6.125065112515304e-08	1.373881644623404e-08
1.3541863952529406e-07	6.500458515022968e-08	1.4637001290547615e-08
1.4361209279502395e-07	6.900834537454334e-08	1.560613991246899e-08
1.523420620324278e-07	7.327676056554608e-08	1.6651437415005022e-08
1.616356563442894e-07	7.782302083073045e-08	1.7778692159374537e-08
1.714651215608852e-07	8.263291372502654e-08	1.898926736840552e-08
1.8191600864456897e-07	8.774926383625498e-08	2.0291679161863064e-08
1.9309324303283145e-07	9.322374609911365e-08	2.170281745598086e-08
2.0502239353887364e-07	9.90693601106371e-08	2.323028929074307e-08
2.1775397294605844e-07	1.0531129971710218e-07	2.488437128044084e-08
2.3131044751855815e-07	1.1195984520234031e-07	2.66731773097102e-08
2.456494245571666e-07	1.1899407750513138e-07	2.859685612977234e-08
2.6101192682412587e-07	1.2653409204194012e-07	3.068290424236169e-08
2.7745042931485645e-07	1.3460505446072265e-07	3.2948894450110925e-08
2.9502711171451964e-07	1.432384093697397e-07	3.5409417078076897e-08
3.1382079550558535e-07	1.524725988681081e-07	3.808197222741502e-08
3.3379133860177377e-07	1.622863396535244e-07	4.09707344287915e-08
3.5506512707915546e-07	1.727436467928738e-07	4.409055849943661e-08
3.7791902831409e-07	1.83980966105188e-07	4.74871018354529e-08
4.0240789653852884e-07	1.9602549049028124e-07	5.118135977426083e-08
4.2865104010299325e-07	2.0893621698815343e-07	5.519999104428635e-08
4.567298494552969e-07	2.2275203879767294e-07	5.956492113971899e-08
4.865411016433356e-07	2.3742134861447212e-07	6.427026380298154e-08
5.185844564444134e-07	2.531933386108959e-07	6.937852888708204e-08
5.530083890862088e-07	2.7014064641654234e-07	7.493644353655802e-08
5.899637061549002e-07	2.883378957128013e-07	8.098077896115015e-08
6.296436295344178e-07	3.0788103297906867e-07	8.755261382475316e-08
6.720180489527221e-07	3.2875252265960845e-07	9.465746611437884e-08
7.172322400570264e-07	3.5102697145266104e-07	1.0230702649603347e-07
7.659928430459706e-07	3.750544645584319e-07	1.106242506733798e-07
8.18416800590627e-07	4.00893401532757e-07	1.1965561127914533e-07
8.747821320976122e-07	4.2868172199867074e-07	1.2945801227471842e-07
9.353249806321123e-07	4.5853532654617893e-07	1.4007911546322772e-07
9.997754222018608e-07	4.903190447500676e-07	1.5147055086875574e-07
1.0691471929940507e-06	5.245413620769461e-07	1.637847289181573e-07
1.1438786894188869e-06	5.614168806819956e-07	1.7713952889306423e-07
1.2243130756567474e-06	6.011184799102984e-07	1.9160958718607645e-07
1.3108846045055328e-06	6.438605092563572e-07	2.072799303795923e-07
1.4036469240832438e-06	6.896679536221027e-07	2.2415318137906387e-07
1.5026074283147611e-06	7.385477079513322e-07	2.4221314548550766e-07
1.6095784227617821e-06	7.914019564356147e-07	2.618111611206935e-07
1.7248451697193519e-06	8.483719808312687e-07	2.8303026963743844e-07
1.8490880675956529e-06	9.097963642917378e-07	3.060049397190203e-07
1.982915137726732e-06	9.759757868128758e-07	3.308461347304517e-07
2.1257586404637644e-06	1.0466250304416297e-06	3.57416343995506e-07
2.279639931193905e-06	1.1227575296658692e-06	3.8612267344640185e-07
2.446138271648145e-06	1.2051514052578518e-06	4.1728039980536857e-07
2.6259863313675716e-06	1.2941732256497179e-06	4.510445430263111e-07
2.8203677215633907e-06	1.3904083085334168e-06	4.876384138095898e-07
3.0297250064254725e-06	1.494070757198247e-06	5.270877360609429e-07
3.253623611816141e-06	1.604950030213161e-06	5.693326278123784e-07
3.4970982632269245e-06	1.725540686852337e-06	6.153187141900474e-07
3.760866836429321e-06	1.8562049525097288e-06	6.651938954961464e-07
4.046679357412194e-06	1.9978093929763113e-06	7.192639323143426e-07
4.356235157130393e-06	2.1512002743557316e-06	7.777935359154795e-07
4.688410494273546e-06	2.315814241048411e-06	8.404351902607468e-07
5.047234838590217e-06	2.493669950879866e-06	9.080147299986243e-07
5.436939880655593e-06	2.6868845617974314e-06	9.812697511464858e-07
5.85897933431483e-06	2.8962008911278603e-06	1.0604212373769817e-06
6.3156990592940666e-06	3.1228081275509995e-06	1.145824962800656e-06
6.8078104698189e-06	3.367092129804555e-06	1.23741969953955e-06
7.3319895854772295e-06	3.6274552254235234e-06	1.3346055917907935e-06
7.898456133763733e-06	3.909067624923028e-06	1.4392820247376216e-06
8.508069573558082e-06	4.2124221581280636e-06	1.5515160845560263e-06
9.162678353286127e-06	4.538547529364595e-06	1.671539456607939e-06
9.863709935534368e-06	4.8882671875676086e-06	1.799476852943265e-06
1.0605602745774027e-05	5.258954748716633e-06	1.9341846634125656e-06
1.1390414916837939e-05	5.651840048704545e-06	2.0761205537085382e-06
1.2228591988472002e-05	6.072283254254494e-06	2.2269826190277494e-06
1.3118925352919939e-05	6.519873726925705e-06	2.3863273598268356e-06
1.4062966393233314e-05	6.995605509731429e-06	2.554164869005327e-06
1.5058901630400753e-05	7.498794027591908e-06	2.729856668979791e-06
1.6094961936239416e-05	8.023775112017208e-06	2.9110958167334967e-06
1.7192668326402853e-05	8.581550164445083e-06	3.101201344723981e-06
1.8353124414511363e-05	9.17291753332315e-06	3.2997514747040852e-06
1.95776721770875e-05	9.798838121654229e-06	3.506164410831992e-06
2.0868850375031944e-05	1.0460852768702006e-05	3.7201333817432075e-06
2.221860048433279e-05	1.1155096151517011e-05	3.939402475557279e-06
2.3631704434205915e-05	1.1884094200607348e-05	4.1636319008653995e-06
2.5132767577907985e-05	1.2660726931244016e-05	4.395673517266987e-06
2.6719348830369852e-05	1.3484071524788838e-05	4.633331151029653e-06
2.8396838281630384e-05	1.4357217912858768e-05	4.875897152937031e-06
3.016673940949561e-05	1.5281227899975287e-05	5.121876971354156e-06
3.201702232826521e-05	1.624993676717308e-05	5.36735169792709e-06
3.398164053675467e-05	1.7281243249102944e-05	5.615260762041221e-06
3.6067828743505576e-05	1.8379356069173347e-05	5.8637516497908085e-06
3.827847207847612e-05	1.9546260466563976e-05	6.110406941630111e-06
4.062067242999551e-05	2.0785997951618537e-05	6.353778811445481e-06
4.308867241647086e-05	2.209576458022846e-05	6.590271584271722e-06
4.567926967595124e-05	2.347398217851309e-05	6.816689246907401e-06
4.844301054553781e-05	2.4947756274323324e-05	7.035685408019438e-06
5.1374245826547174e-05	2.6514692727512567e-05	7.242564348365793e-06
5.4481598560849366e-05	2.817974019065848e-05	7.436178916136771e-06
5.77728165146346e-05	2.9947146114791134e-05	7.6145185315438274e-06
6.122715144480508e-05	3.1805634762845616e-05	7.7733129970543e-06
6.489235199273603e-05	3.378091663912063e-05	7.914309972294405e-06
6.879566936035933e-05	3.588779879887472e-05	8.03565219351953e-06
7.293969624111576e-05	3.81279879626538e-05	8.13650852273562e-06
7.73408135714611e-05	4.0509809409858346e-05	8.216910411098225e-06
8.199878211549719e-05	4.30326732085757e-05	8.275813730053791e-06
8.68910689467457e-05	4.5683318960119685e-05	8.311759463624272e-06
9.212228642908726e-05	4.851754677184252e-05	8.32798909386736e-06
9.768645312482508e-05	5.153158948204746e-05	8.323758980966205e-06
0.0001036020623389873	5.473352768110326e-05	8.301391622474867e-06
0.00010988660613497098	5.8130617258901504e-05	8.262350149831355e-06
0.0001165120768706433	6.170434645534578e-05	8.206630720074266e-06
0.00012353288785887652	6.548082553545829e-05	8.137061327882273e-06
0.00013103602761954604	6.950316319488774e-05	8.055307040330288e-06
0.0001390160295674044	7.376333158242197e-05	7.964389298072664e-06
0.00014750863146045193	7.827282949000076e-05	7.866655843129315e-06
0.00015652163156338312	8.302835004316076e-05	7.764119762226624e-06
0.00016599641813918751	8.798794323050348e-05	7.658190506588557e-06
0.00017613293985358844	9.324723438014436e-05	7.5536924025787416e-06
0.0001869354695835949	9.879492979934848e-05	7.451874887556916e-06
0.00019843722587663062	0.00010462863005076792	7.355771329666183e-06
0.00021067761469321518	0.00011075047727457394	7.267718676251015e-06
0.00022361829810981992	0.00011711683375100326	7.18928030395336e-06
0.00023731252536858904	0.00012372864694754914	7.127633034898218e-06
0.00025197589048522634	0.00013066442409824134	7.083302073372754e-06
0.000267598149219089	0.0001378762949952615	7.057778172583193e-06
0.00028424247121610436	0.00014535289822126368	7.053332076392521e-06
0.0003019459300816387	0.00015306593791163708	7.0719111170863054e-06
0.0003205833457359431	0.00016090162229797614	7.11917124389081e-06
0.00034051355315369843	0.0001689685693748037	7.1997604075355266e-06
0.00036179602285235223	0.00017721643870363492	7.309651452024975e-06
0.000384481499859115	0.00018558109106400392	7.450691632009179e-06
0.00040866459073590034	0.00019402854166102038	7.624403879523979e-06
0.00043430179514651786	0.00020245071108777196	7.83222534979091e-06
0.00046139067045786327	0.00021075621449065423	8.08201844834705e-06
0.0004904530924124194	0.0002190348927271117	8.368395354758488e-06
0.0005214513522528277	0.0002271344971322794	8.691728547164724e-06
0.0005545186741363412	0.00023500502313890872	9.053816183259215e-06
0.0005897487867141212	0.00024256736439132694	9.45645995874635e-06
0.0006269013352411064	0.00024964136211130317	9.898362407656443e-06
0.0006665739174823435	0.0002562942142257438	1.0389081116083565e-05
0.0007090092335938106	0.0002624304600149018	1.0924807488646038e-05
0.0007542823588598562	0.000267977269305176	1.1508879979307603e-05
0.0008025777445957558	0.0002729027805080801	1.2144709539867806e-05
0.0008538759106443458	0.00027712216934245806	1.2829922185361056e-05
0.0009079886891089225	0.0002805479752104267	1.3575664123075735e-05
0.0009660601204029511	0.00028328093612067654	1.4388732994639567e-05
0.0010280202633703368	0.00028523207029486136	1.5272313925690553e-05
0.001094101670519634	0.0002864470689907198	1.6234026797482392e-05
0.0011644996158553622	0.000286940717079454	1.728156831062711e-05
0.0012387809737147658	0.00028667616380875836	1.8409419293270595e-05
0.001317782013761367	0.00028574083411561256	1.965878398378499e-05
0.0014022529197649709	0.0002841521309311989	2.1032400809941905e-05
0.001492220579904292	0.0002819949606585249	2.2547853986154314e-05
0.001587975160909732	0.00027934959021753383	2.4226396733937994e-05
0.0016895155047207398	0.00027626446639942285	2.607731078105027e-05
0.0017961252978498509	0.00027277369151983724	2.8139085786494935e-05
0.0019100223969453606	0.00026899084672487016	3.0467797326007293e-05
0.0020310309468565386	0.00026497909740606464	3.3096141577083285e-05
0.00215935821982816	0.000260843695352448	3.6080539064317964e-05
0.0022952168817091776	0.0002566581036651806	3.948724112355312e-05
0.002437722523831683	0.0002524689800210981	4.335139916180842e-05
0.0025875056459198262	0.0002484035769656187	4.786439532552841e-05
0.002746282220331805	0.0002445350372634404	5.3130411242377027e-05
0.0029134782417129215	0.00024093823162191853	5.932381903454345e-05
0.0030891313179255316	0.00023769056920526214	6.667148110192898e-05
0.003272873957000817	0.00023485097192195117	7.541264272388033e-05
0.0034624859467954666	0.0002325418903433941	8.585713522588255e-05
0.0036611267748404013	0.00023095145040573728	9.856472881941003e-05
0.0038679405374309624	0.00023002544713219314	0.00011410992584348158
0.004081991892590446	0.00022983639827909436	0.00013330264305090998
0.004302752957747367	0.00023044299093599065	0.0001571928411880605
0.004527828666354192	0.00023190808653569334	0.00018662070960920812
0.004755905974523081	0.0002345568059165198	0.0002232635301922391
0.004989338499188199	0.00023819925710875781	0.00026949118986465835
0.005224912477449859	0.00024284855283654525	0.0003282406752717911
0.005461232887664827	0.0002485484394833708	0.00040339195731789506
0.005696304131487629	0.00025533961100501236	0.0004990821644916824
0.005925130230859636	0.0002633246194445859	0.0006176232371784299
0.00614995528158964	0.0002725949792394662	0.0007694391875996463
0.006368160480589236	0.0002829986357160623	0.0009647748678941279
0.006576487347839074	0.0002945887421518203	0.0012168634648376283
0.00677338932312418	0.00030741205009085374	0.0015419833006787142
0.00695531884460051	0.00032141705996742073	0.0019438275814154806
0.007119076497464667	0.00033683501865168237	0.0024533325884544817
0.007267198165266747	0.00035363491512259394	0.0031083966163621495
0.0073949990284387776	0.00037183836696051594	0.0039525824542046345
0.007502326435386818	0.0003915350743486826	0.0050437935596310155
0.007588378966644684	0.00041279474410073005	0.006418079783736594
0.007650238153298817	0.0004354199713037992	0.008158394308467836
0.0076904724076307975	0.00046009411846542115	0.010452498841091618
0.0077079547429854504	0.00048667728293701407	0.013520026522573116
0.007703477923561085	0.0005153595133269291	0.017699057148195446
0.0076788392318627675	0.0005463441870286282	0.023447101773974615
0.007634607972941627	0.0005795250886929584	0.031140322353443554
0.007571077014707241	0.0006154807402708063	0.042053646394647884
0.0074912517258891136	0.0006547285482560811	0.05779912355048354
0.007395635575524154	0.0006974497522159991	0.08085466555436241
0.007287561937498228	0.0007440876862516429	0.11498524518937832
0.007169036286852062	0.0007950828309783962	0.16223567355302038
0.007041073076775396	0.0008502396642739225	0.2302278920039466
0.006905821140455171	0.0009116632007798283	0.33046703389737053
0.006764405846469867	0.0009796221830615352	0.478887743015533
0.006619674718487928	0.0010551233020079664	0.6995687958708271
0.006473878477943425	0.001139369435488879	1.0135738945009878
0.0063282663959784114	0.0012331395010448535	1.4582794367311007
0.006183746932222983	0.0013384298267677716	2.1320857208529693
0.00604271063324632	0.0014586410565289268	3.177353004159104
0.005906119820066435	0.0015958957058785854	4.849564614837786
0.005775986421776163	0.0017537209212594802	7.570726962463211
0.005653629059726748	0.0019363456973539538	11.655429987620971
0.005539876012070495	0.002146547249504587	18.40353095499702
0.005438143207586346	0.0023953404886269017	29.750462585416805
0.00534900443948263	0.002690069377624156	49.03496022601998
0.005273435503009197	0.003042180589241714	81.98590705904492
0.005212720953268328	0.0034667178052327635	132.16705916791003
0.005167856291608345	0.003980605415925033	214.75164138328435
0.005142186763591532	0.004602207337654304	357.75069925701456
0.005139444150682455	0.00536836929146798	613.85938998429
0.0051568561530257505	0.006318771520534046	1092.5123002321404
0.005195625252793884	0.007508220747957245	1944.3024540104352
0.005256734033182182	0.009007735408430667	3423.7911101836344
0.005341329934419371	0.010871401644205893	6237.367669054209
0.005455942551608177	0.013204024134170588	11674.94145446333
0.0055957569869469195	0.016171881360826687	22315.728290892184
0.005760834694199255	0.019971083310101473	43021.34166742051
0.00595217258947987	0.024860165483717594	78721.48819587794
0.006170757902298707	0.031105987076364305	151814.6725202181
0.006417282330693526	0.03883013769904513	308229.7194495566
0.006695976297146845	0.04874635231585006	655023.428115293
0.0070037045680001065	0.061514577631005894	1437167.11462819
0.00734233137710952	0.07798676222355863	2880466.4751362484
0.007713652666180645	0.09919520116296475	5929680.057808048
0.008116436611180495	0.12531168959012068	12900785.255658403
0.008557102278624232	0.15847583098272758	29806061.210457895
0.009038208107070171	0.20122956979224335	72970828.56022121
0.009561293334352407	0.2566620672534973	169118006.09586015
0.010130222412172976	0.32909599136640916	377536010.37122566
0.010748982279954014	0.42181692293999934	902061689.2253469
0.011413456694177431	0.5423747234828413	2297565694.2650447
0.012146898530725694	0.7058127749549153	6287301424.683948
0.012949377260805065	0.9316203155120798	17477619482.708096
0.013829916006684869	1.2501351156666394	41788345145.16396
0.014799483595193065	1.7026703507549277	110528102097.94345
0.015861635194912484	2.3201258488316943	316956446668.70496
0.01703733076836656	3.213726449718421	989393359441.9358
0.01835509278621351	4.523745049752732	3294066150425.736
0.019830216025126076	6.463386519103731	8778074672176.445
0.021490099316629967	9.349477774304788	25690853470759.42
0.023366531768449304	13.320694122877205	84456510589667.9
0.02547204285066767	19.04544436566499	306295545712098.7
0.027905740558234783	27.492383423137298	1181918866386898.0
0.030712993001188252	40.046033814988306	3872991524980986.5
0.03397400303887846	58.91194746670489	1.250318986371614e+16
0.03779280990455404	86.31754241789159	4.760565945669454e+16
0.042273958231715654	126.6855847326185	2.0086834416134554e+17
0.04756618187235816	190.4296203220054	9.27371928944244e+17
0.053930983833168744	293.9749845253079	4.1543666572662446e+18
0.06161940669786725	466.8129139491916	1.4153100525842633e+19
0.07099354219668877	755.4032859678697	6.2379747796749574e+19
0.08252068077264388	1190.923021828406	3.176998781813816e+20
0.096590998581903	1918.0286846300128	1.4879127922749418e+21
0.11399940262662123	3144.955956047208	7.10940773475029e+21
0.1357680863091494	5232.838460318474	3.6331228702528034e+22
0.1632109308820838	8829.378943747473	2.0009572837526412e+23
0.19806686955312816	14432.244161236325	1.1750163259819883e+24
0.24226552490112638	24096.11847632017	7.174969942087629e+24
0.2969953622658134	41731.739724761406	4.437881561698218e+25
0.3668052673308029	75124.98822150643	2.7561691734075273e+26
0.4563950288711566	140158.35126130434	1.7501116845350144e+27
0.5718521465286742	256377.26452786368	1.1780909611507756e+28
0.7208115367917625	459489.17313581146	8.680542240704761e+28
0.9057900661572095	848892.2223077453	7.02496187170109e+29
1.1400442431642848	1612983.5569199265	6.04893840450744e+30
1.4412685783315258	3170728.199295755	5.297572802130445e+31
1.829236636200092	6400031.185925741	4.635634911444421e+32
2.3295538015442445	12263983.263013825	4.183413883382207e+33
2.9586712498053247	24772311.576779503	4.125111830054527e+34
3.7433151178112807	52203862.065344125	4.5784121121663105e+35
4.761665656708433	113489525.28596732	5.55463215212442e+36
6.095876096474279	253912995.31251246	6.888937603984832e+37
7.866628963917697	523425686.505134	8.500189881273929e+38
10.2357612271985	1130878201.978325	1.1011723817746705e+40
13.327734531785117	2613757961.963585	1.6184988563455194e+41
17.60845108085063	6372848671.260887	2.707012424434319e+42
23.6508285197789	16093429278.764095	4.746396520711173e+43
32.34660871926315	37904726340.46103	8.257661649894398e+44
45.0581268759707	87968277864.19548	1.5115028985696866e+46
62.69836240028839	222906422404.3087	3.2091150840124812e+47
87.93495228187854	608834660319.259	7.770028148858032e+48
125.04305509092863	1748785761745.7954	1.919228246430525e+50
179.98828807440648	4960681017919.506	4.775950114556129e+51
261.717828660743	12359302289939.76	1.3542299167526757e+53
378.4427151247963	34761345494705.92	4.527451681155618e+54
540.8219179104618	107360975019938.94	1.579439397688114e+56
781.5429582691419	352781197839174.5	5.558858102012865e+57
1143.7147512210893	1229627390883023.0	2.268149914464035e+59
1700.075080551848	3417528606019477.5	1.0870202837356886e+61
2572.2971777524635	1.0700974440570888e+16	5.326826738141363e+62
3852.31373553674	3.7656466253302024e+16	2.7757254856272693e+64
5921.466883068945	1.438127461369592e+17	1.7485900759374616e+66
9352.581865809692	6.017358879359132e+17	1.2079492891692334e+68
15148.637443604926	2.069775488557902e+18	8.59115566125984e+69
25056.83138953921	7.086394446087062e+18	7.304030595694548e+71
40293.932462153374	2.869083081800221e+19	7.036341296840064e+73
64902.67060467656	1.3193236803602013e+20	7.068330979779417e+75
106490.05112384917	6.589820981976593e+20	8.503900607682763e+77
178028.63323323536	3.051782418804517e+21	1.1477995186653976e+80
304793.0921255518	1.1516575053531744e+22	1.676554825570056e+82
523643.67517535365	5.640252990709716e+22	2.9532685323596037e+84
894837.4814507341	2.68788350226637e+23	5.664382748412188e+86
1589004.5753792506	1.3680864267390006e+24	1.265736286094325e+89
2922581.06368163	7.506696289026901e+24	3.260231929882702e+91
5524008.10011443	4.397178921570691e+25	9.41778767643184e+93
10563743.513913255	2.6829393504569623e+26	3.2711274118479274e+96
18840246.285024248	1.6606008173830647e+27	1.2470587554091902e+99
34996524.930741414	1.0317498175080574e+28	5.898846981414641e+101
67835409.41555049	6.541727136549439e+28	3.0302836603963035e+104
137975608.07086962	4.3836063635388165e+29	1.9632293846759515e+107
294328956.03743213	3.210569712350528e+30	1.3827998372989804e+110
587546090.464687	2.5861528944730645e+31	1.2433219967020294e+113
1187866576.3330498	2.2251509728622147e+32	1.21899184712238e+116
2506471840.236942	1.9529192921276551e+33	1.5455618296953776e+119
5505487198.139493	1.711290404977184e+34	2.1347607827196604e+122
12722068354.632435	1.5389710858608495e+35	3.8608176764701286e+125
28857727189.433407	1.504850636008788e+36	7.718756402599792e+128
63097714867.22166	1.6582598476299815e+37	1.9760016596476877e+132
147263683718.84244	2.008966429113519e+38	5.9930115513832e+135
360761064300.85016	2.503096506702351e+39	2.1560903672695583e+139
926228290042.2024	3.095325139078328e+40	9.96335553209434e+142
2475051128789.3086	3.981291062863539e+41	5.495979906870417e+146
5770955404827.594	5.771362958246384e+42	3.5721717790521345e+150
14830200938371.285	9.60443590832357e+43	3.1712212832657576e+154
40824806013691.38	1.6981733195875934e+45	3.3399934251444393e+158
119000015195044.48	2.9683918785027806e+46	4.018457244263852e+162
372551187097322.3	5.371355237585539e+47	6.926410389122109e+166
987219172334101.9	1.1199367171734543e+49	1.543610909801072e+171
2781567051135399.5	2.71496409085513e+50	3.767071273395438e+175
8636803014576361.0	6.8063647146431e+51	1.182763321398657e+180
2.9086581168431064e+16	1.6860642883445668e+53	5.462633385658356e+184
1.0690946298831525e+17	4.6510303744617735e+54	3.3474845064150618e+189
3.4567701906478445e+17	1.54925295472362e+56	2.453321084233343e+194
1.0547043051064831e+18	5.5317826548456104e+57	2.232630660096454e+199
3.7342637421037747e+18	1.9331417295190698e+59	2.7481173971655157e+204
1.4870159944308406e+19	7.60115235010707e+60	4.772428887532535e+209
6.473674558380715e+19	3.678542274282384e+62	1.1614732586131707e+215
2.7875457275964214e+20	1.8530903249475943e+64	3.9004981257840336e+220
8.96454286945463e+20	9.31685308139108e+65	1.7948599254406166e+226
3.675525006701638e+21	5.729709369585213e+67	1.1379003387857673e+232
1.736214615052737e+22	4.1320232700697855e+69	1.0040765850377757e+238
8.611124487429748e+22	2.886791591146252e+71	1.246858094823602e+244
3.896241111770905e+23	2.3357599535544075e+73	2.2050009995677362e+250
1.802386426712547e+24	2.3696675447943928e+75	5.638652185514595e+256
8.813600542849422e+24	2.346960652822252e+77	2.1299631478990174e+263
4.629188953187669e+25	2.6599549284354476e+79	1.2089045536823843e+270
2.6146602053921326e+26	3.850136821115288e+81	1.0278104148528986e+277
1.5624010556790573e+27	5.379755623202501e+83	1.2896487807223808e+284
9.611663435645257e+27	9.172120499338049e+85	2.4301807310065432e+291
5.956370286549052e+28	1.8979957919776695e+88	7.206930656381379e+298
3.7207286214162234e+29	3.824015717642295e+90	3.2581498439731594e+306
2.4045529068438223e+30	1.0513347145961362e+93	inf
1.668447040890224e+31	2.9670022329819285e+95	inf
1.2729068784649661e+32	9.846722923785012e+97	inf
1.0584568996050098e+33	4.0710704609170346e+100	inf
9.218507917835312e+33	1.7022245090674987e+103	inf
8.082778258922242e+34	9.890571000979525e+105	inf
7.123613753407827e+35	5.582787838282029e+108	inf
6.59824246807903e+36	4.4496645621814997e+111	inf
6.776309718513031e+37	3.5052721985735427e+114	inf
7.805217143023504e+38	3.860141161575673e+117	inf
9.627997589022674e+39	4.2871983119431527e+120	inf
1.1958911802680819e+41	6.656276092599065e+123	inf
1.491780067911421e+42	1.0648090867260453e+127	inf
2.0038173928607626e+43	2.2887007971026134e+130	inf
3.086894533816522e+44	5.562251052638188e+133	inf
5.3211564473959267e+45	1.6115149669469942e+137	inf
9.373654513845572e+46	6.182879673314283e+140	inf
1.6461836743967976e+48	2.512805554931922e+144	inf
3.1389447722778877e+49	1.383184282788154e+148	inf
7.010921117064389e+50	9.485792378433304e+151	inf
1.744014354363712e+52	6.968000007226647e+155	inf
4.329431186067225e+53	7.370056845113899e+159	inf
1.106895205043721e+55	9.830985670181651e+163	inf
3.3072543995272045e+56	1.39748447657368e+168	inf
1.1512158912292525e+58	2.7843705248074675e+172	inf
4.066559254188803e+59	7.977651239358919e+176	inf
1.4679661066088992e+61	2.6181732926376037e+181	inf
6.317555597536963e+62	1.0181632704982931e+186	inf
3.16376115818269e+64	5.575518137504238e+190	inf
1.575996651661121e+66	4.422236420532654e+195	inf
8.492375513996685e+67	4.67941444574687e+200	inf
5.68166929226644e+69	6.252150523318552e+205	inf
4.069301801820683e+71	1.082196420081219e+211	inf
2.949556353269814e+73	2.5212533193128912e+216	inf
2.6548071088400796e+75	8.185563532009317e+221	inf
2.71142683720155e+77	3.724762976209694e+227	inf
2.7595009477090488e+79	2.3943858951935693e+233	inf
3.5088735682159288e+81	2.1791030559400085e+239	inf
5.101027192594581e+83	2.816527146509128e+245	inf
7.465600202761237e+85	5.270705735816917e+251	inf
1.4242936731986009e+88	1.4455759183392656e+258	inf
2.9143876069958715e+90	5.937953817280041e+264	inf
6.486759523362104e+92	3.62583775830935e+271	inf
1.9051850699993294e+95	3.152372214792668e+278	inf
5.454277969209351e+97	3.786977824149969e+285	inf
2.079785955645223e+100	7.019533620250993e+292	inf
8.504670129602162e+102	2.3127658725799676e+300	inf
4.0777337962083347e+105	1.2150315054228154e+308	inf
2.431588150276117e+108	inf	inf
1.5204382961107608e+111	inf	inf
1.3030288786811834e+114	inf	inf
1.1108622660952317e+117	inf	inf
1.3534190355687538e+120	inf	inf
1.641522640592692e+123	inf	inf
2.804040504488077e+126	inf	inf
5.1394448976918455e+129	inf	inf
1.1839515213811803e+133	inf	inf
3.551100090538708e+136	inf	inf
1.0837026751109547e+140	inf	inf
5.2475169296161984e+143	inf	inf
2.4927054813470464e+147	inf	inf
1.5875148246466158e+151	inf	inf
1.4420668268462045e+155	inf	inf
1.3029091392512083e+159	inf	inf
1.6529816889372718e+163	inf	inf
3.0441429886382164e+167	inf	inf
6.045787782810258e+171	inf	inf
1.4767739519515216e+176	inf	inf
5.434942756942164e+180	inf	inf
2.723261026621962e+185	inf	inf
1.6209571092925344e+190	inf	inf
1.1930077928387321e+195	inf	inf
1.2004022991728093e+200	inf	inf
1.722446526720463e+205	inf	inf
3.475717902618212e+210	inf	inf
9.596892505101392e+215	inf	inf
3.6005666670807737e+221	inf	inf
1.8487397404929066e+227	inf	inf
1.316444581212834e+233	inf	inf
1.3128195851959484e+239	inf	inf
1.848522625891825e+245	inf	inf
3.686401387464954e+251	inf	inf
1.0502948011742641e+258	inf	inf
4.371483810274973e+264	inf	inf
2.7952627728741184e+271	inf	inf
2.8690697265892306e+278	inf	inf
4.536506711805984e+285	inf	inf
9.759143917254224e+292	inf	inf
2.994224911175479e+300	inf	inf
1.7084654154382056e+308	inf	inf
inf	inf	inf
inf	inf	inf
inf	inf	inf
inf	inf	inf
inf	inf	inf
inf	inf	inf
inf	inf	inf
inf	inf	inf
inf	inf	inf
inf	inf	inf
inf	inf	inf
inf	inf	inf
inf	inf	inf
inf	inf	inf
inf	inf	inf
inf	inf	inf
inf	inf	inf
inf	inf	inf
inf	inf	inf
inf	inf	inf
inf	inf	inf
inf	inf	inf
inf	inf	inf
inf	inf	inf
inf	inf	inf
inf	inf	inf
inf	inf	inf
inf	inf	inf
inf	inf	inf
inf	inf	inf
inf	inf	inf
inf	inf	inf
inf	inf	inf
inf	inf	inf
inf	inf	inf
inf	inf	inf
inf	inf	inf
inf	inf	inf
inf	inf	inf
inf	inf	inf
inf	inf	inf
inf	inf	inf
inf	inf	inf
inf	inf	inf
inf	inf	inf
inf	inf	inf
inf	inf	inf
inf	inf	inf
inf	inf	inf
inf	inf	inf
inf	inf	inf
inf	inf	inf
inf	inf	inf
inf	inf	inf
inf	inf	inf
inf	inf	inf
inf	inf	inf
inf	inf	inf
inf	inf	inf
inf	inf	inf
inf	inf	inf
inf	inf	inf
inf	inf	inf
inf	inf	inf
inf	inf	inf
inf	inf	inf
inf	inf	inf
inf	inf	inf
inf	inf	inf
inf	inf	inf
inf	inf	inf
inf	inf	inf
inf	inf	inf
inf	inf	inf
inf	inf	inf
inf	inf	inf
inf	inf	inf
inf	inf	inf
inf	inf	inf
inf	inf	inf
inf	inf	inf
inf	inf	inf
inf	inf	inf
inf	inf	inf
inf	inf	inf
inf	inf	inf
inf	inf	inf
inf	inf	inf
inf	inf	inf
inf	inf	inf
inf	inf	inf
inf	inf	inf
inf	inf	inf
inf	inf	inf
inf	inf	inf
inf	inf	inf
inf	inf	inf
inf	inf	inf
inf	inf	inf
inf	inf	inf
inf	inf	inf
inf	inf	inf
inf	inf	inf
inf	inf	inf
inf	inf	inf
inf	inf	inf
inf	inf	inf
inf	inf	inf
inf	inf	inf
inf	inf	inf
inf	inf	inf
inf	inf	inf
inf	inf	inf
inf	inf	inf
inf	inf	inf
inf	inf	inf
inf	inf	inf
inf	inf	inf
inf	inf	inf
inf	inf	inf
inf	inf	inf
inf	inf	inf
inf	inf	inf
inf	inf	inf
inf	inf	inf
inf	inf	inf
inf	inf	inf
inf	inf	inf
inf	inf	inf
inf	inf	inf
inf	inf	inf
inf	inf	inf
inf	inf	inf
inf	inf	inf
inf	inf	inf
inf	inf	inf
inf	inf	inf
inf	inf	inf
inf	inf	inf
inf	inf	inf
inf	inf	inf
inf	inf	inf
inf	inf	inf
inf	inf	inf
inf	inf	inf
inf	inf	inf
inf	inf	inf
inf	inf	inf
inf	inf	inf
inf	inf	inf
inf	inf	inf
inf	inf	inf
inf	inf	inf
inf	inf	inf
inf	inf	inf
inf	inf	inf
inf	inf	inf
inf	inf	inf
inf	inf	inf
inf	inf	inf
inf	inf	inf
inf	inf	inf
inf	inf	inf
inf	inf	inf
inf	inf	inf
inf	inf	inf
inf	inf	inf
inf	inf	inf
inf	inf	inf
inf	inf	inf
inf	inf	inf
inf	inf	inf
inf	inf	inf
inf	inf	inf
inf	inf	inf
inf	inf	inf
inf	inf	inf
inf	inf	inf
inf	inf	inf
inf	inf	inf
inf	inf	inf
inf	inf	inf
inf	inf	inf
inf	inf	inf
inf	inf	inf
inf	inf	inf
inf	inf	inf
inf	inf	inf
inf	inf	inf
inf	inf	inf
inf	inf	inf
inf	inf	inf
inf	inf	inf
inf	inf	inf
inf	inf	inf
inf	inf	inf
inf	inf	inf
inf	inf	inf
inf	inf	inf
inf	inf	inf
inf	inf	inf
inf	inf	inf
inf	inf	inf
inf	inf	inf
inf	inf	inf
inf	inf	inf
inf	inf	inf
inf	inf	inf
inf	inf	inf
inf	inf	inf
inf	inf	inf
inf	inf	inf
inf	inf	inf
inf	inf	inf
inf	inf	inf
inf	inf	inf
inf	inf	inf
inf	inf	inf
inf	inf	inf
inf	inf	inf
inf	inf	inf
inf	inf	inf
inf	inf	inf
inf	inf	inf
inf	inf	inf
inf	inf	inf
inf	inf	inf
inf	inf	inf
inf	inf	inf
inf	inf	inf
inf	inf	inf
inf	inf	inf
inf	inf	inf
inf	inf	inf
inf	inf	inf
inf	inf	inf
inf	inf	inf
inf	inf	inf
inf	inf	inf
inf	inf	inf
inf	inf	inf
inf	inf	inf
inf	inf	inf
inf	inf	inf
inf	inf	inf
inf	inf	inf
inf	inf	inf
inf	inf	inf
inf	inf	inf
inf	inf	inf
inf	inf	inf
inf	inf	inf
inf	inf	inf
inf	inf	inf
inf	inf	inf
inf	inf	inf
inf	inf	inf
inf	inf	inf
inf	inf	inf
inf	inf	inf
inf	inf	inf
inf	inf	inf
inf	inf	inf
inf	inf	inf
inf	inf	inf
inf	inf	inf
inf	inf	inf
inf	inf	inf
inf	inf	inf
inf	inf	inf
inf	inf	inf
inf	inf	inf
inf	inf	inf
inf	inf	inf
inf	inf	inf
inf	inf	inf
inf	inf	inf
inf	inf	inf
inf	inf	inf
inf	inf	inf
inf	inf	inf
inf	inf	inf
